24.6720 35.2611 30.4858 34.4466 27.4694 33.1785 32.2803 31.6116 33.2145 30.1445 25.6637 26.5104 23.3439 22.7460 23.7026 25.6132 27.9502 30.9147 27.0545 32.0994 28.0529 25.6017 25.8566 23.6492 23.7292 20.7066 26.2645 24.7386 23.2973 28.8140 28.3223 24.1253 27.6359 19.4898 20.2114 23.6849 17.5369 24.9125 23.8523 17.4289 18.1659 26.2076 16.2504 18.3894 19.9031 17.9491 26.2839 16.4354 22.1713 16.5657 14.7340 20.8140 15.6153 25.0509 17.7499 22.3346 12.8159 20.5454 17.1453 16.9694 
25.5915 29.9510 34.1883 25.6580 26.8874 23.5727 34.0696 32.1339 24.2264 32.8350 28.7364 22.7642 27.0752 31.6947 23.0682 28.1773 30.3470 21.6923 23.5198 25.8688 20.7379 26.4841 25.9445 26.3557 26.6097 27.9231 22.3435 18.3410 25.2887 17.0434 23.8978 21.4495 21.0116 26.4526 19.4423 19.7804 23.1524 16.6602 23.1757 24.8439 21.3702 24.3354 22.4654 17.0598 12.2025 11.8315 15.6387 14.3779 17.3185 18.4986 10.7862 17.2087 15.5848 17.0231 19.0416 18.0558 17.9580 15.1527 9.6249 17.5622 
30.6959 32.6666 34.2234 33.1828 34.8351 33.3910 33.1745 32.8038 24.1163 25.1895 22.7392 25.0529 32.6791 31.1964 32.1598 29.3805 23.5885 31.7861 24.2653 30.2981 21.1997 26.2385 30.8587 29.9837 21.0293 27.8689 18.4150 19.4992 23.4580 24.5885 25.9576 23.9212 26.1886 27.1013 27.9835 21.7127 20.9579 20.1101 16.1708 26.0014 21.9504 22.9711 17.4637 19.7913 14.9894 14.9998 24.8499 20.7409 23.4144 16.1014 15.6811 15.6725 23.2877 17.7656 21.8166 16.3705 12.1389 18.9965 17.3203 12.9403 
32.7024 35.2191 30.1425 24.2753 28.1559 26.2811 26.8872 29.7385 28.5879 32.1145 28.9522 31.6537 23.8600 24.5025 26.1398 26.2832 25.8974 31.7192 24.2590 31.1534 27.6731 28.4345 27.9522 23.7635 20.1253 24.8483 27.4951 24.8084 20.7537 24.5176 18.5226 22.4553 25.5328 19.7155 17.4518 17.8218 18.3754 18.6841 17.3308 20.5610 21.9886 20.9224 15.3420 21.9966 23.5325 19.1055 20.5897 15.3860 23.6402 15.9688 16.9737 18.5537 18.1522 14.4306 18.4038 12.0342 16.7271 17.4144 10.6611 12.7071 
30.3433 33.0853 28.1304 31.2943 28.7193 30.3064 26.4410 29.9858 25.7568 26.6010 27.6986 27.2333 29.3760 31.3729 30.5352 24.8205 23.1368 24.9236 30.3621 29.0235 28.7367 19.1353 19.3182 22.1839 24.3262 21.2555 24.2222 24.8388 24.3507 18.4810 21.9615 20.1521 18.9719 22.8251 22.9884 23.7988 18.6096 17.2050 17.9684 22.9199 21.9871 22.7311 18.0795 19.1683 20.8626 19.8332 16.3725 19.7898 16.2527 15.4088 16.4616 19.2366 14.9375 12.6949 16.1155 19.8126 17.1546 19.6120 19.8272 13.5220 
35.8083 31.0808 24.7077 33.2497 27.5799 32.1966 33.5506 25.8530 30.3115 29.2194 30.3600 25.5892 31.2374 30.4145 26.2812 29.5807 25.5277 24.4731 30.3560 19.1684 25.7127 25.9389 29.0673 22.7842 24.9736 18.3744 19.9579 16.5939 25.9822 25.7796 21.4923 16.7490 24.3571 19.3314 23.4348 25.1986 22.3185 22.3168 16.4964 14.4429 21.7804 24.0620 17.4021 22.3031 12.2972 17.6043 11.5379 12.6297 11.3922 12.5637 18.1073 18.2509 16.2639 13.0736 19.4776 17.5233 8.6293 16.7864 7.7730 12.6472 
26.2437 25.1013 24.1829 28.1930 28.7497 29.5727 24.2730 27.7660 26.0170 23.4226 28.8248 30.3554 30.0785 30.9580 30.3753 24.4216 26.9319 29.4661 20.4766 30.4257 23.9935 24.9557 22.6837 27.4374 25.0909 20.3776 26.9509 19.0917 20.6197 22.6012 24.3555 27.1776 26.3216 23.8440 22.2011 23.7746 17.6454 19.5972 21.8211 23.4086 21.7819 22.8182 19.6249 21.2513 21.8022 16.0996 25.7498 22.9024 19.2185 18.1749 16.4574 20.2391 17.7024 13.9483 19.2025 14.4768 21.5785 20.6726 17.8850 13.1226 
34.7070 24.5857 34.9487 35.0574 31.9320 34.3876 25.9070 28.4214 28.4438 25.2394 26.0558 24.7620 33.0583 23.7908 30.7995 22.3825 31.1286 30.9075 28.3799 29.8885 22.6976 23.0365 21.3532 21.3106 26.2641 20.6225 27.4061 25.4044 28.9900 28.4127 19.2821 24.6017 26.6144 19.5014 22.2864 18.9763 25.5987 20.6435 16.2776 26.9589 18.4112 25.4636 17.0510 17.1733 21.0655 21.7191 20.1188 24.4549 15.3615 15.6732 13.3234 23.2585 17.3059 14.8466 18.0584 16.0857 17.8950 20.6620 16.5700 18.4333 
31.9397 35.0340 35.2023 30.2105 31.8701 23.5388 28.7568 26.2606 33.2100 26.2392 25.6048 28.5908 23.2601 28.5012 29.2993 21.2353 23.7193 25.7755 22.2607 24.2706 18.1940 25.9774 26.3191 21.9897 18.7708 19.7411 18.9782 23.0857 25.3457 19.6988 15.6268 20.0828 22.4890 23.2607 20.2555 18.3583 20.2349 12.0820 22.5465 22.3164 18.8408 11.1547 20.6449 16.7026 12.2091 19.8815 18.8601 11.1097 18.3110 18.5734 15.7037 17.2018 10.6456 7.1142 15.7355 14.6777 15.8328 14.5117 8.4366 16.1560 
33.5562 25.8012 28.2825 24.6181 32.5647 30.1260 33.7498 33.9503 25.2542 25.3717 26.0970 23.5981 24.3725 30.2224 25.1639 25.2359 28.3239 27.8976 19.6524 23.0349 23.1902 21.7529 24.4370 23.8935 20.2206 20.5878 23.8678 24.4727 17.8513 21.7174 18.0357 18.3001 24.0130 17.7622 21.9639 23.7692 15.7532 23.0135 18.0986 23.6040 20.0629 24.9884 12.8930 13.2114 12.4428 13.4769 17.3588 12.3925 21.6531 16.7526 18.1517 21.2349 16.8587 20.4865 11.7533 15.3275 13.7422 11.9032 11.8889 9.2471 
28.8965 34.7054 34.8814 23.6623 34.3288 31.0240 26.6568 22.7226 23.7058 21.4891 23.9464 22.2004 30.5163 31.8234 22.2571 28.1295 28.9104 24.4463 28.4826 18.4970 22.7429 23.9193 22.9993 28.3719 20.3310 19.7069 24.2581 23.8154 17.1252 25.6739 20.0975 19.2060 18.2687 19.9317 17.3360 20.2016 18.6870 24.1268 22.0187 18.3339 20.8036 21.7115 21.3717 16.5595 19.5646 22.4250 20.4981 10.9267 10.8012 20.6594 12.3483 15.9844 12.7761 10.5385 18.2235 10.9641 12.5492 9.9502 17.1802 14.6811 
33.7603 28.0251 27.9612 23.7675 28.7756 29.6775 26.8554 28.2685 22.4859 31.5602 22.9522 26.7977 30.9502 29.1207 25.3802 23.6087 24.7045 22.4857 27.8181 25.4036 26.4462 25.7293 24.3133 19.4466 27.7824 29.3475 21.0810 23.9031 26.2349 23.1091 23.6027 19.7480 20.4339 24.0073 20.4589 24.8405 24.0458 23.9507 15.4110 23.2500 20.5921 18.5151 20.8686 22.4542 15.9654 19.3589 16.1285 23.6990 14.5413 19.0952 24.1797 21.7127 15.5258 15.7883 21.6701 11.5866 11.8634 17.7309 16.3222 10.7228 
29.9618 32.7794 33.1450 32.6069 23.0114 29.1034 30.6008 26.7963 23.8893 27.4259 31.7226 23.5008 29.7056 31.0183 24.8427 21.1593 28.4852 23.4946 29.5371 19.7109 18.8901 19.4522 24.4172 22.1294 25.1661 21.1299 24.5104 20.3758 26.4748 27.3590 25.8331 18.7923 26.6018 18.4685 22.0906 21.6040 14.7332 15.2964 15.6653 13.4913 19.2293 15.6345 23.2700 16.3324 17.1214 14.5530 22.4943 10.4046 21.5856 20.2382 20.1158 19.7561 13.8603 19.0854 19.9365 17.6596 17.7954 18.2822 10.8602 12.0300 
29.1844 35.6161 32.8430 24.9336 24.8519 28.6605 33.0868 28.4317 31.9263 22.1199 24.8155 30.0217 22.1718 27.3120 31.8054 31.8728 27.2996 20.9543 22.6605 28.7867 30.1492 26.4496 29.4610 20.7717 24.7316 25.5066 29.3413 26.8638 24.4036 25.3692 21.0681 19.3460 20.0546 23.3193 24.7425 16.3943 16.5274 25.2545 15.5315 23.6766 16.7998 16.4438 24.9447 14.8019 21.9790 17.1910 23.4739 14.1644 24.9277 13.2132 22.6686 14.8305 17.4526 13.7982 22.4989 11.6059 12.9306 15.5053 13.4557 14.2946 
26.4975 31.3143 28.5503 31.1094 34.2562 32.8993 32.8097 30.7952 25.1867 21.5465 28.8747 29.5075 29.9048 25.3447 23.9074 26.2808 19.8222 25.9742 30.1459 22.3175 28.0010 24.8205 24.4970 17.3583 17.1494 25.3483 26.9839 22.5292 23.0870 19.3554 23.1594 23.8546 25.0430 22.6021 15.1497 17.1482 22.9859 18.8073 22.7072 12.3726 14.0111 13.9414 18.1042 19.8838 11.0562 11.6662 13.3459 12.9071 12.5667 15.5930 18.8025 11.0336 18.2495 13.6090 7.5036 14.3552 11.5728 13.8364 13.3278 5.2163 
34.7860 27.0130 34.6680 32.1062 33.3359 28.2087 25.1472 24.6253 32.8825 30.3093 24.1657 21.3097 28.7224 23.5511 30.3505 28.0259 28.1055 25.9565 20.7353 26.3919 29.1434 27.7809 28.6710 18.3110 27.0955 22.2856 22.9348 17.1293 24.3503 25.4390 24.6046 23.4019 26.4171 17.2402 25.8871 17.2257 24.3138 20.1281 15.0993 17.1557 17.8710 18.5422 20.9500 21.0682 20.1629 19.3296 11.0344 11.3509 13.3603 17.2288 14.9414 20.2825 12.8106 8.6940 18.0926 16.8164 17.1094 10.8251 8.7521 7.7308 
27.6781 25.0403 28.9147 28.8206 32.2104 31.8247 30.3759 22.3033 23.9869 25.0789 31.1519 21.7121 21.3437 31.1664 26.9202 26.2962 25.5756 31.0254 30.1459 30.5336 23.8053 25.2664 26.7113 23.3872 22.8051 18.4454 18.5848 18.2300 26.9051 26.6726 20.5436 16.0473 23.5418 26.2103 17.3434 15.1044 21.9434 19.4143 14.0723 17.8167 15.9758 15.3415 17.6208 15.6447 12.9077 17.1468 21.8427 11.0515 11.1602 18.1556 14.8296 21.2489 20.6554 14.5019 8.6780 14.4657 8.8395 12.1524 13.9088 12.2599 
29.5065 24.4107 25.1463 24.2563 29.3582 23.4112 23.0838 24.4841 24.5636 30.6761 31.6794 23.6342 23.9446 30.4853 23.7399 31.5416 26.7205 29.2515 21.9583 28.8038 23.2795 24.6302 24.6340 28.6846 27.5595 24.1915 23.3514 19.5615 22.5894 23.7881 21.2500 25.9369 19.6161 18.1936 14.6512 14.6432 16.1023 14.2972 15.1364 16.6322 16.9203 23.1756 14.6750 22.5097 12.3265 13.3607 19.0299 22.2084 16.8761 18.2081 15.9421 11.6877 14.7295 18.7073 15.3510 12.1593 11.7764 11.2275 16.1216 8.9602 
35.1620 30.7832 33.8476 26.7779 32.6320 30.9281 33.9576 30.0052 32.7916 23.6000 32.5142 31.9689 23.3024 22.7402 26.8313 25.5989 28.6478 23.2952 25.4243 23.3326 23.9057 20.7421 21.0208 19.2621 19.7325 22.3661 24.4152 21.4322 21.1185 28.1015 21.1691 26.8180 25.7449 24.9337 19.9912 22.0851 17.1933 20.8085 18.6962 15.0188 22.5729 17.6466 20.4800 23.2969 21.3594 21.6109 22.6783 13.4625 15.6654 14.2876 14.4733 17.5972 12.6412 19.0286 14.0204 11.4197 12.6292 17.6542 12.9923 21.9833 
24.6279 31.9323 35.2972 30.2747 28.1412 32.0077 34.0630 29.0116 22.9473 26.1234 33.0092 25.0269 29.8338 28.2827 31.7783 20.7823 31.2216 19.5239 19.5753 29.0929 29.3279 21.6134 20.3201 29.4161 22.3798 19.5023 25.9562 19.0158 21.0814 27.7329 27.3649 24.0104 16.9793 24.4107 21.4215 25.5542 24.9237 23.8625 23.1530 15.1154 15.0034 23.6301 21.7044 13.7736 12.5890 12.6837 17.3606 16.8025 13.3929 17.1719 18.1697 11.3218 16.2488 9.5988 13.0867 16.2518 13.0504 18.7331 16.7769 15.5938 
30.5850 27.6158 28.1859 32.4840 23.2883 23.5485 33.9241 26.1884 26.0472 29.0487 22.9901 25.1679 28.7510 29.8951 21.2976 19.9875 29.2758 21.4671 21.5377 29.8969 20.0068 26.6136 21.3280 25.9993 21.2965 20.8538 26.5022 19.1425 17.8325 16.4739 22.9331 25.6265 20.9094 21.6187 22.5508 14.8835 16.3136 17.6413 18.4802 21.5070 20.8120 19.7712 15.1227 20.4050 18.9917 15.4031 16.2438 12.1789 15.4715 13.5310 16.5611 13.7645 10.3319 11.6633 12.2492 16.3824 12.4530 17.4767 15.7032 14.9594 
29.6948 27.9318 26.9575 26.1917 27.9088 28.4783 26.8705 32.8826 23.9800 26.4234 27.4549 29.2516 32.7012 26.7037 28.4083 26.8336 29.6949 29.6471 24.5459 23.7024 31.0647 22.1548 27.7423 24.3822 29.1417 27.5692 21.1145 22.3714 28.3728 23.5765 20.3049 22.3579 22.2914 24.8354 25.6458 28.8045 23.2488 19.3518 28.0225 17.8259 21.9438 19.1940 20.6867 23.5869 24.5357 22.8590 23.4042 19.2278 20.3055 17.5259 23.0569 24.3678 15.6188 23.0707 17.5799 22.9270 23.2570 17.2779 19.2189 15.0260 
26.1247 33.7424 24.7431 32.7798 25.6603 23.2999 23.6176 27.8573 24.6248 30.7659 24.3433 31.5233 26.4712 31.2621 30.7969 21.8115 25.8202 32.1420 29.2186 21.1113 30.2247 21.2364 30.6707 30.4615 24.1417 28.3050 26.5608 20.0861 28.9113 18.8051 26.0699 23.1771 21.4645 18.9396 25.4494 24.9460 21.9889 22.6317 17.8575 18.8495 17.0051 19.2302 26.0642 18.2775 16.0570 17.4775 14.0026 22.5751 16.7658 19.4870 20.4841 14.4901 20.0132 12.7963 22.1036 11.9780 14.4080 18.4699 13.0396 22.8257 
24.1722 26.8842 34.8419 29.2775 23.6256 25.6234 25.4016 33.5066 24.6251 27.7983 23.9274 24.0766 33.2535 30.7935 21.4412 24.2373 20.8971 27.1303 25.5326 25.6788 23.2549 27.8165 27.9102 21.2019 19.7683 22.4513 29.3202 21.7103 28.5421 26.8809 18.4264 18.7985 27.5608 26.2388 23.8501 16.6442 16.9417 24.3398 15.6341 22.2798 25.5576 19.2969 15.9920 21.6935 15.7784 20.0558 15.1054 23.3554 19.1207 19.9936 15.7420 16.1280 23.3637 18.1996 19.0409 19.4196 16.1165 16.6219 22.5466 12.3747 
25.3855 33.7287 34.7253 26.6200 27.9633 27.3849 22.7025 32.2296 28.4300 28.1527 32.5079 31.2571 28.7405 27.7997 29.7606 21.3039 21.8092 24.2523 24.4950 27.0090 28.2028 27.3317 19.3571 22.3173 17.9815 23.9951 19.1213 17.7574 23.3979 20.7829 25.1818 24.3082 20.1711 22.4566 16.9156 20.5779 15.4169 16.3948 24.0616 19.9421 16.2089 14.2630 15.2475 15.3951 16.0238 15.9643 19.6772 19.0959 22.0127 19.5817 14.5779 10.4621 19.6844 14.5162 19.4824 9.7959 18.2720 9.3394 14.1822 19.0916 
33.9476 28.6465 28.6307 24.1025 28.6238 27.0976 29.6932 22.4303 23.5246 32.1073 25.8565 26.0993 21.8227 30.7098 24.2490 30.8167 27.2363 21.1805 19.8013 28.3645 20.3812 19.3030 26.0885 17.8592 22.7642 18.3083 28.5453 21.2634 27.6810 23.2024 27.3876 22.3060 16.4992 21.4736 18.7011 18.7056 20.0893 22.9158 20.8645 22.6173 22.7190 18.5386 18.8342 18.7083 17.1377 15.3623 17.6883 15.6039 20.2019 21.1325 17.7934 19.6144 20.8373 15.4242 18.7589 18.3550 18.6462 9.7988 8.9406 19.7619 
34.0222 32.2001 30.3122 27.1612 26.4701 27.4903 28.9346 34.2685 31.1780 23.5314 22.8958 32.8765 25.4165 23.8834 20.9112 28.9060 21.5840 27.2220 21.6238 24.3622 25.8671 20.4947 29.6256 18.9187 28.9802 20.2330 23.2726 23.7426 20.3422 19.5043 25.0846 20.2572 23.0466 16.8605 22.4176 19.1377 20.6540 20.8718 21.5548 19.8727 25.8679 26.1012 18.9999 14.1556 17.7151 22.5731 16.6961 13.9299 21.3584 22.5597 21.3817 18.7282 21.0722 22.3388 22.4402 11.4273 16.6004 15.1179 20.8220 17.3838 
28.0945 29.2517 29.2025 23.7788 33.3754 25.3099 24.0606 32.7906 27.9607 28.6136 28.4668 24.9699 21.4395 21.9610 29.2361 23.6599 22.4952 25.9383 23.2558 24.7159 29.8685 19.2291 23.4089 28.3671 28.5159 23.8428 27.0123 27.1104 21.4223 23.2155 28.3680 17.6919 25.2431 24.9222 18.6480 27.0239 24.1340 20.1883 18.6108 15.5424 14.5142 19.5753 15.1691 20.8684 14.7848 13.2910 15.7768 20.2232 16.3171 23.4673 19.4515 18.8633 14.4655 12.6258 22.1343 11.4373 11.6819 20.2316 11.6398 10.6781 
29.4055 24.3264 33.5648 28.0234 28.5793 22.8407 31.4155 24.7897 22.6877 27.8992 26.9392 26.6347 25.6945 22.9756 23.7026 22.5101 29.6712 28.7355 23.2183 27.9329 30.1872 22.3551 27.8280 23.6835 19.1946 26.5488 27.8226 26.0426 28.5165 22.7290 22.7973 18.2025 24.2575 22.5980 24.9871 19.9862 24.0409 24.7849 22.3876 25.5100 20.7985 22.3693 17.8565 25.7601 24.8453 16.5376 13.7158 14.1740 24.5703 21.7077 21.9493 23.7401 21.0359 17.3739 17.6371 21.5127 21.0558 12.5057 11.9985 21.9009 
35.8373 32.7946 30.5131 31.7084 34.4542 29.1560 32.7133 23.5964 22.4118 28.8727 22.3509 24.9384 29.4798 24.7559 21.3034 23.3176 23.5108 26.6263 25.3323 21.9594 29.3138 19.0526 30.0920 23.3793 28.7962 21.7695 25.8534 22.6446 24.7966 20.0162 21.4891 21.1572 19.3002 19.3594 19.8820 17.7018 23.7338 16.3124 17.3248 23.7821 20.4940 18.9899 21.2792 23.8810 17.4742 17.3956 14.6654 23.9330 18.4765 13.5242 17.4733 12.3863 15.1768 10.8764 17.4471 13.2322 16.0543 13.3942 16.8876 19.2893 
24.4315 25.7824 35.2561 26.6998 27.0166 34.4813 32.3150 33.2189 25.4095 32.4956 21.7881 28.3664 29.8212 30.9363 31.6188 27.2620 28.9518 27.7035 25.6918 18.8191 23.2833 29.4444 25.9763 21.9797 20.3190 19.1981 24.5807 26.1567 16.2218 25.0294 26.0366 22.3221 18.3629 17.7793 24.6425 24.3427 24.9368 21.8597 16.5224 22.2766 16.1608 22.8283 19.6984 19.9270 17.6032 19.5691 21.3295 14.1293 13.4020 21.4113 17.9483 19.9437 10.5820 13.1161 19.7182 11.2592 8.1612 12.9588 16.0723 13.3423 
31.8512 34.2361 34.8140 23.2164 34.4976 24.8760 22.6843 32.6369 32.3291 29.0549 25.6756 31.4081 26.0268 21.8900 24.5048 28.2669 22.4074 22.2347 19.1878 27.9187 23.1770 19.6171 27.1141 26.2855 22.6422 18.7147 17.3133 16.6841 20.7660 25.7528 18.9411 14.8252 15.8507 23.8351 22.3150 20.2915 19.3308 14.2920 18.8216 18.6474 20.8642 14.6180 14.6194 14.0314 18.4041 17.8932 15.5054 15.8982 17.3663 20.8492 10.3944 17.8848 17.3155 17.1813 10.9447 12.7998 10.6177 15.1344 18.3529 9.5186 
29.4863 32.5188 29.1763 29.3063 25.4796 27.3296 27.2749 34.0207 22.1133 21.8338 32.3554 27.0557 27.8621 25.0213 28.5213 28.8926 20.7954 26.2592 30.2634 30.2359 28.5470 21.6194 23.0259 27.4274 29.5951 22.7472 28.3543 21.0305 25.1914 23.0726 20.2534 27.6019 23.6058 22.5174 15.0143 16.2780 21.2883 25.3420 25.0332 24.7516 23.4501 16.0147 18.3906 17.3180 20.1962 20.2778 19.9341 16.3151 20.8760 15.6365 14.3109 21.5087 14.6590 15.0321 15.3237 20.1225 20.1629 15.7328 10.1848 11.1807 
32.9910 24.2543 29.5469 30.3613 23.7460 30.6823 32.6023 22.6777 33.2909 25.5171 32.7442 27.3867 22.1522 22.7668 30.4466 29.8876 31.5528 20.8151 31.4096 28.5734 25.8493 25.3732 27.3428 27.8043 23.4122 25.3564 21.7065 28.3684 18.4523 18.3254 27.0875 18.8102 20.5705 19.6905 27.0623 25.1625 27.3976 19.9499 21.7513 17.9038 16.4337 16.6895 17.5563 22.4659 24.1528 25.4548 20.1164 15.5205 25.4551 15.7192 23.3400 13.5372 18.4600 12.9931 17.4517 20.0691 15.6855 12.4633 20.9357 21.6663 
32.1515 25.8943 31.4468 24.3034 34.8277 30.5989 24.9039 25.9072 31.5251 22.8009 30.2350 22.5360 29.7998 31.1458 30.1842 22.3677 21.5713 24.4828 25.6565 29.5775 27.7878 26.0646 19.5227 28.2517 27.8534 19.9153 22.2536 21.1315 25.3958 25.7804 21.1055 21.2823 26.6284 15.1320 17.0141 21.1337 14.4105 20.5722 22.7793 17.4731 19.1610 14.8460 18.4085 20.5789 20.7686 20.1037 21.9219 17.7809 11.2776 11.5917 18.7971 12.1597 12.6644 16.2435 16.6527 10.4079 18.4884 18.4867 16.4774 8.3664 
34.8870 32.4731 31.9591 28.8336 29.6574 26.1797 25.3045 22.5465 22.4446 27.1338 27.9863 30.7601 26.5715 28.4632 27.5130 27.8298 25.5591 28.9388 29.1516 23.2954 29.0760 23.0652 20.9811 23.8309 26.1567 22.5912 25.1755 25.2925 28.6013 24.0847 22.3065 24.7274 18.4147 23.7242 22.7894 24.1259 16.2566 18.0085 24.1350 15.7787 24.6040 19.3478 19.8356 17.2888 14.4621 13.2031 15.1357 13.7276 22.1826 18.0942 22.9905 19.3968 19.8402 18.7200 19.5318 20.4052 10.7802 17.7403 12.8370 10.5311 
32.6914 29.2313 25.8049 24.9521 25.9552 24.0833 24.7563 30.0422 26.7933 27.4313 26.7764 30.8843 30.3892 25.7621 29.9405 22.2592 31.2335 20.8991 30.7823 26.6039 28.1765 28.3758 24.6597 22.2230 18.6972 23.9395 17.3301 18.3593 21.8653 20.5652 18.0316 17.2929 19.0701 19.1419 14.4425 18.7685 20.4631 15.2154 20.1455 23.5021 13.8183 21.5430 14.4743 22.6142 15.7923 12.0868 21.8015 13.9704 18.3879 11.9257 17.7769 20.2378 14.5013 10.0835 17.8739 17.2832 15.6934 16.0223 11.6904 12.4405 
35.3258 27.6795 31.4366 24.8255 26.8885 31.2295 24.7069 24.8145 28.5994 29.3596 31.7395 25.9837 35.1201 25.9859 34.9615 32.3359 30.1722 28.6115 33.5874 35.2112 30.6680 31.7450 34.6949 35.5461 33.4754 27.7038 34.3589 35.7896 29.1378 33.1350 35.8513 28.9296 8.1767 13.2678 9.4667 14.0368 16.2853 17.4075 9.7267 17.9264 18.9289 13.9402 8.9214 11.3065 13.3677 11.7743 8.3463 8.5120 16.2496 16.6484 10.2540 10.5702 19.1878 15.4891 18.1441 11.8522 18.4401 15.2299 18.0872 15.4924 
28.2421 28.9160 26.0876 26.2705 28.6475 24.5306 34.5803 33.2326 35.5898 26.0965 30.1329 24.0378 27.6803 32.4251 25.8581 32.9870 24.0474 35.1881 25.9250 31.8071 30.4517 31.6558 24.9445 35.2861 24.7242 27.7776 24.2982 35.7363 34.5396 28.9714 25.1773 31.3984 29.6460 15.7261 5.9676 16.5350 12.2092 11.2541 13.7710 7.3535 16.9254 6.0105 13.0571 15.9868 15.8535 6.4016 9.9471 14.2289 8.8205 8.6031 10.8909 15.8505 17.5996 16.7513 5.6936 14.7085 8.3585 6.3531 6.5959 7.3898 
25.2155 34.8513 30.5831 27.6090 35.7995 31.2794 33.3990 29.5344 26.8460 31.9720 24.3959 32.7843 29.4558 31.4586 27.2282 34.9086 31.9488 31.6268 33.4221 27.6560 33.7478 31.9782 33.0997 32.6532 24.0830 28.8477 30.8736 25.1391 24.2513 22.4225 20.1968 24.3886 17.9222 17.0123 20.4285 26.3988 19.3092 28.2253 20.3150 24.1433 16.6854 19.5439 25.6291 16.8297 16.9924 22.6292 18.5748 24.8329 28.0685 17.6608 17.4419 26.5438 20.9713 17.7948 17.2708 23.5686 24.6853 21.1835 26.9937 21.0572 
34.9791 24.3371 32.2926 32.4824 25.0987 34.0783 33.1805 28.2513 28.8873 30.0837 32.9455 35.9310 25.8383 24.9717 26.1218 28.8954 26.3642 33.4570 29.2553 34.1499 26.3524 26.4278 26.6147 24.9435 16.9506 26.6885 25.5005 19.1524 19.9133 17.9960 23.6564 21.9855 26.2111 18.8498 22.1357 23.0725 22.3983 16.7368 18.4837 23.4155 18.5432 20.4476 19.7528 15.8937 23.9806 20.0088 19.8189 24.7367 26.6624 20.0547 21.0932 23.8451 23.1055 17.6692 18.2770 17.1103 19.5971 18.3196 24.2579 16.3828 
28.9736 29.0261 31.4039 27.8940 35.9853 35.8480 27.6997 24.6584 29.0643 32.8158 28.3908 34.4742 27.9906 35.5450 32.5136 24.8685 25.7006 35.7367 27.0861 34.1110 35.7576 34.7515 32.2859 31.1689 32.6759 25.5967 24.6305 33.3579 33.6564 32.0006 17.4412 19.4437 26.4396 22.0884 16.8382 22.7681 18.0541 24.0809 27.2610 17.3439 20.4634 23.8727 26.3107 26.6349 16.2555 17.0413 22.7483 19.8281 21.2115 23.7706 24.1867 16.2786 25.1705 21.0818 25.2986 20.1036 21.2845 19.0195 21.4333 22.9591 
24.2141 33.1496 31.5207 31.9863 29.0636 32.6267 24.7859 35.9475 32.9363 24.5281 30.5545 25.9279 29.5979 24.9562 26.3766 33.8169 35.7749 25.5919 25.9341 34.3460 25.7939 28.8444 35.2608 35.8127 33.9498 25.0198 26.4758 34.0368 29.4011 26.2000 30.1777 20.5013 17.7457 13.8517 21.5174 17.7538 15.9695 16.9213 19.7676 22.6507 20.5050 23.5015 18.7412 20.5619 21.7091 24.5690 20.9791 23.3087 16.0403 13.2014 21.6838 19.6938 23.6065 23.6745 13.2653 17.5235 23.7681 19.3229 22.4329 24.0799 
27.2609 33.5668 26.9679 27.5690 24.0499 31.1479 28.0045 25.8464 28.7470 31.4663 29.0618 25.3077 32.5470 31.4006 25.8332 25.7403 33.3667 27.3112 28.8198 26.9767 27.9557 34.1973 31.4322 35.8392 28.6596 30.8905 31.5155 33.1588 31.5129 27.2033 35.9743 27.5815 14.9621 23.9846 22.5161 18.2725 14.9474 24.6240 15.5445 16.0182 25.7197 20.3503 16.5510 24.0250 17.8113 16.6351 23.2744 24.6633 15.0674 23.0512 22.3736 17.8455 23.7746 20.7230 16.3795 19.8868 25.5450 15.2555 22.8437 25.4462 
33.3153 32.9826 29.2722 27.5899 25.5475 27.0850 35.6023 26.7314 33.6366 35.1866 32.1963 29.3669 27.5374 26.6506 34.0703 34.6145 27.8106 24.4341 25.2882 33.7662 31.5853 33.8870 29.6636 34.3310 26.1637 33.5316 31.6352 28.1679 25.9613 28.1892 34.9821 27.4240 26.3678 12.0637 21.2486 18.8826 12.4306 12.7369 13.4283 10.7010 14.3247 18.6267 9.8557 13.1808 13.6663 17.9558 14.8487 16.1726 14.4474 11.9382 15.2743 21.3592 10.4491 16.7219 12.3318 14.5965 21.5953 9.9809 14.8150 17.7127 
31.1828 32.9833 32.6550 30.6349 27.1144 31.9591 35.6754 32.6612 27.1875 27.4096 31.9756 30.3999 29.6107 34.1848 26.7890 33.2815 32.9859 29.9530 28.3148 30.6496 33.4699 31.3951 25.2001 30.7410 29.6713 26.8735 33.6090 35.2938 28.1349 17.4125 18.9937 24.1329 13.9595 14.3128 20.7138 17.6655 25.1810 17.4338 20.6906 15.6873 19.5152 14.1692 15.8055 24.0121 20.2305 23.1576 15.7222 15.4636 25.1946 19.0029 17.5248 25.5185 22.2752 13.9246 14.9723 23.7617 15.4813 22.9523 20.1872 24.8083 
31.6969 28.1591 25.4696 31.1850 33.5712 32.6778 32.5617 35.4165 30.9588 27.2121 25.9973 35.8381 27.0876 35.3889 33.5169 32.4064 31.2577 31.8743 33.1709 29.8480 26.1471 35.9497 35.0904 28.4940 32.9073 32.0395 32.6091 21.4746 22.7103 11.8553 19.6294 22.8708 22.7335 21.3590 16.1007 13.9980 13.4590 18.5027 14.3557 20.3014 20.7920 21.9594 12.1561 13.5071 11.9082 19.8651 21.1265 12.5887 15.0163 15.1449 16.5157 13.3811 19.1641 20.7560 13.1373 20.9660 22.9766 17.2545 13.6749 19.7571 
25.7094 31.6547 35.5160 32.1148 32.5929 33.9120 34.7808 32.5922 35.3372 28.2175 35.1554 24.6489 33.8676 29.2064 27.7115 32.4196 29.9104 31.9180 32.6961 33.2209 31.5001 29.8583 34.8135 26.8577 27.0520 28.1044 29.6489 24.2049 33.1607 27.7589 35.7106 30.6393 25.4770 24.2479 28.8414 20.1419 11.7020 18.2863 12.9212 21.0551 17.2184 19.1085 12.4214 10.8486 16.1359 17.0818 10.5604 15.2714 21.1341 11.2394 13.3487 12.9822 15.9108 20.7136 10.5850 19.3365 18.1897 11.5427 16.4524 20.2542 
32.1552 25.8262 25.6260 32.2650 34.4845 27.1713 28.2968 29.3526 24.4697 27.5723 24.7653 31.9147 25.7682 30.0242 30.8229 32.5606 30.8512 31.9011 27.7034 29.1458 34.9729 26.8360 30.1410 32.6807 25.9764 30.7877 21.5786 16.0024 18.9295 21.2283 17.9126 20.9664 14.9198 22.2532 19.0125 19.4550 19.2842 18.1539 14.9760 12.5307 12.4837 14.3205 22.9630 23.1962 20.9316 12.2487 18.8942 20.0286 22.7115 23.1455 18.4587 18.6012 17.8308 21.1188 14.4982 12.1190 21.2253 19.8159 13.3154 14.4197 
33.5316 35.3441 34.8032 28.5443 32.4861 30.1888 35.2145 35.8373 34.7819 30.1454 29.4062 27.2914 29.0247 24.3026 34.9850 25.5574 27.6931 28.7437 29.6526 25.6896 26.5000 35.4907 33.6828 31.9984 27.7005 34.3277 33.9208 28.8400 17.4846 14.1808 15.4778 11.6198 10.2802 13.2693 12.3913 17.8717 13.8249 16.2265 10.0528 19.7853 15.9860 20.2806 19.9828 15.3081 15.6401 8.5230 15.3529 10.7370 17.9231 19.8213 11.5562 15.1488 16.3382 17.4747 16.5111 16.5236 17.7608 14.2630 18.0219 15.1440 
28.5778 30.8534 33.1823 33.4085 33.3894 30.7579 30.8020 35.7896 30.6797 31.0620 24.9041 33.4941 33.9146 30.6452 27.3630 31.5394 32.4648 30.0731 28.1679 30.7521 33.2583 34.4904 24.3489 32.7387 35.3353 29.1778 34.6376 27.4901 32.4416 27.4302 14.3078 14.9386 9.2423 16.4453 10.1758 19.9038 9.4248 16.3748 16.2199 10.6220 15.9140 9.2967 10.9312 13.9516 19.0214 10.1582 9.8751 12.5580 12.7541 12.3846 16.1898 16.7009 9.5817 11.2639 12.1004 12.9913 15.1784 15.0433 11.3689 19.1143 
33.3759 25.4986 31.0451 31.5695 35.6331 33.6964 29.5351 27.6017 35.1682 29.3500 31.9022 27.9102 25.6668 30.5846 28.3358 30.5119 29.1110 25.6338 29.9820 32.3142 29.9210 33.5327 32.7604 15.9175 16.3740 23.8153 19.4491 19.9845 22.3854 25.9992 16.4742 18.0155 25.3661 24.3555 15.9851 22.4188 19.2611 21.7556 25.1667 18.3886 22.2183 24.5131 17.2825 19.2772 20.2750 26.3209 17.4643 21.3076 20.4894 24.8340 18.3687 23.4584 16.8598 23.1400 25.4043 19.6389 15.3025 22.5099 19.8174 20.6888 
27.9461 34.2957 33.1339 30.1454 31.2886 30.7800 31.0363 29.6511 30.8784 32.2606 30.0966 33.2672 31.8552 35.4304 33.9913 30.6540 33.0927 25.7876 25.5489 32.7435 33.2951 27.0395 24.6089 26.0164 25.2687 29.5373 17.6273 19.5431 21.5698 25.9569 18.4054 15.4824 24.9493 24.0147 18.1851 14.7512 17.7092 18.5934 17.4705 26.1159 20.9381 14.8474 18.1473 21.9480 20.9800 24.4914 18.6867 20.3084 25.5170 25.4002 16.5131 25.1927 15.7034 16.4665 25.4380 17.8509 21.8503 14.6624 25.8089 17.5994 
33.5540 29.8006 30.0268 28.0824 26.4949 33.0193 27.5444 33.7735 27.5940 32.7648 27.0083 27.8360 30.1829 27.8231 29.5278 32.5882 28.7496 24.8890 26.4931 33.4173 26.0072 24.8777 22.0788 19.0242 25.9375 19.1825 17.9086 19.0782 26.7876 26.4035 24.7709 16.1614 21.7519 25.3591 20.2581 16.3747 25.4833 23.6383 25.5112 23.1162 25.8652 21.2364 23.2531 25.7785 19.4274 20.1332 26.8214 16.7636 21.9638 24.0254 22.3131 16.1416 20.1354 22.5679 17.3596 17.0769 16.3575 20.6727 26.9371 23.8811 
33.2069 31.6576 31.9569 30.0918 26.4795 35.0867 27.3020 28.6909 24.0672 27.7879 27.4919 24.4473 25.5622 27.5132 31.9712 35.4147 29.9258 28.4316 30.9287 34.5583 28.9604 28.2296 33.8000 28.1944 26.1908 27.1272 25.5974 26.0619 31.8890 26.2547 33.4401 13.4183 10.7662 18.4694 18.0875 11.4907 11.5646 12.8138 15.2481 11.7665 9.8232 13.4704 12.8094 14.8714 17.9612 18.5112 12.8491 19.6779 18.0243 19.4535 17.2719 12.8869 18.5208 18.7705 12.8821 9.2959 19.3390 10.2929 19.6522 10.7809 
27.0112 25.9264 27.6876 29.5579 24.5461 25.7461 33.5892 35.8428 30.1050 31.7403 32.8812 31.1013 26.3127 32.5162 27.6913 26.8885 26.9690 27.7838 33.9384 32.5874 31.0536 29.4719 31.3510 32.3777 33.1537 25.9264 24.2515 27.0002 32.0399 35.9067 25.4641 29.3871 33.2462 24.1322 34.4180 29.5748 35.5054 33.7306 10.2381 18.4345 16.8686 14.4413 19.7054 13.9584 19.1803 15.3105 10.1617 13.9720 12.6012 18.9622 10.1662 8.7432 9.0840 11.1900 15.4343 13.4542 10.2326 8.1751 16.7229 16.1463 
30.1384 31.0337 25.8581 28.2601 31.9617 31.4175 33.9594 28.1129 32.8107 25.6044 31.2350 30.2446 27.5510 28.7885 26.8673 29.3206 31.7204 25.8346 25.9863 28.5017 34.3409 24.0878 29.1701 24.3893 32.5456 29.2160 34.2285 25.0659 18.3550 23.4950 21.9064 24.4688 19.8364 17.1847 18.7274 27.0313 24.3521 17.2508 19.5474 16.2758 25.0318 26.7071 26.0005 21.4529 18.1707 27.1316 19.5151 24.9822 17.6903 27.0357 22.2714 27.7540 17.1678 26.8708 23.1928 25.9913 24.6481 18.3715 17.5144 20.3839 
25.6319 35.9824 25.3374 33.0380 25.8299 31.8243 30.7579 31.0036 34.1176 34.2737 32.4012 27.1364 30.6140 29.5828 32.9737 26.6495 25.8666 33.8936 27.2029 30.2086 33.2554 27.1188 33.2429 31.4641 29.7650 30.0158 31.4127 27.8661 33.3468 7.2177 8.9392 7.2775 17.2380 16.2329 11.7896 8.5235 10.5506 13.9565 10.7338 7.3532 14.7802 11.9203 18.6573 9.1849 7.8023 15.8925 13.5603 15.8863 13.9606 13.4119 13.5607 12.8505 11.9824 16.9031 9.2172 11.0882 14.7640 12.3386 10.7492 9.3450 
33.3017 28.7812 27.3310 26.5088 32.6660 32.5911 27.6087 34.5748 30.2097 33.9803 32.0946 35.0394 35.8634 29.9335 35.6923 31.4707 31.9698 28.0923 25.1200 28.7735 30.4256 27.2488 26.8966 29.1113 26.2496 31.8019 29.3831 32.6499 32.9587 25.3426 27.4298 31.4579 30.1671 27.0824 35.0882 27.0318 32.8540 35.9681 9.4212 18.9869 11.7552 17.6025 16.2687 11.4997 10.7722 7.6163 9.9445 15.6316 16.8824 11.8184 8.4484 15.3915 18.1820 10.9084 12.1074 8.0405 10.1064 14.8006 8.5311 8.7837 
35.2219 27.0711 28.0901 26.0436 26.4435 32.5371 28.1613 30.5909 28.5282 33.4629 33.2962 35.4716 25.5350 30.6459 31.7516 25.7421 26.2933 27.3843 26.5658 31.7087 32.2085 25.2709 25.6114 33.9182 34.9920 26.4971 24.1528 35.0430 31.1465 34.0189 29.9196 14.4376 20.1820 21.0748 16.4456 17.2821 20.3814 16.6733 21.9983 20.5952 19.6503 12.5116 13.8071 21.8599 16.8962 19.7443 12.9867 16.6134 11.3188 17.1606 15.6300 20.6458 21.5459 21.6208 11.6321 21.0601 17.3684 11.5832 11.0530 12.9937 
33.5866 33.9476 34.1544 34.5028 34.0945 28.7952 35.9860 35.1256 33.9193 24.2640 28.5778 24.2997 32.5518 35.5446 27.6601 29.6460 29.5307 27.3836 26.2808 31.1097 33.2782 27.4735 29.1738 33.8393 24.4524 27.3090 26.7938 33.2642 26.1229 31.8846 28.2304 32.1842 29.9445 35.9941 25.5122 35.0346 13.6860 22.5970 19.3735 21.5416 10.9106 20.7690 22.1556 12.4860 18.5124 13.4404 19.0776 20.7914 20.1906 13.6288 12.5477 17.1225 19.8674 15.1461 22.4530 16.0675 21.7741 11.7181 18.2682 22.6025 
34.5543 34.7485 29.2780 30.6412 34.4845 32.5705 35.5696 34.7015 31.2695 34.7089 29.6085 33.1974 27.6898 27.8206 24.3070 26.6253 30.9111 30.6268 29.3588 35.0048 32.1141 21.3446 18.5244 23.8171 26.3899 26.7204 21.9528 16.5561 22.4852 20.9499 26.4071 21.1059 17.0720 19.0840 18.3735 25.2048 18.8329 25.2368 21.3814 25.1351 24.8262 24.3360 25.9852 26.6987 19.0609 17.9908 16.0376 22.0589 19.4145 23.6214 20.9271 21.0329 21.3520 22.1947 21.1930 16.8873 17.8168 26.4020 22.2432 25.3885 
24.4028 30.7811 32.6458 32.5786 33.2319 32.9671 25.5453 27.7074 29.2795 30.7925 30.6639 26.7428 30.6694 26.4589 34.1176 26.9954 28.0827 33.9017 30.1601 27.7780 35.2443 31.1035 33.3762 25.4116 33.2088 26.4692 25.4707 35.9886 35.9387 26.0381 22.9376 23.8366 21.2525 23.1624 21.3953 25.4248 27.4155 26.6271 21.5892 16.4165 21.7405 26.8970 18.5196 21.5231 27.3050 18.0808 26.3410 26.8897 17.8983 23.4238 27.1687 20.8636 25.8541 19.9852 18.0566 17.0129 26.3583 16.4775 19.6404 23.6849 
32.3814 34.7650 25.5724 25.9437 31.9679 29.4209 30.0793 32.5470 31.2441 24.7429 33.7559 24.9768 30.1590 31.3499 27.5007 28.4500 25.4986 28.0765 28.8466 25.9797 27.5708 27.7445 30.5450 35.9108 33.6645 31.9345 29.4572 32.7641 26.3546 31.5644 26.3267 17.6677 24.6540 25.6242 15.4155 18.8108 15.0832 22.0203 22.7066 20.1192 24.0786 21.7254 23.9181 14.9645 21.6593 17.6005 24.8670 14.6432 14.0381 21.1225 15.1019 20.6913 19.8768 20.7978 21.9638 14.6179 18.3694 25.1145 19.3356 22.5814 
24.8141 27.7141 29.1789 27.1889 29.5351 28.6137 33.3024 30.8486 29.4334 35.9820 27.3531 32.5929 35.5876 33.9575 24.8420 27.9248 31.6007 35.0504 32.0990 28.7180 27.6388 33.8444 32.2411 34.6053 27.4419 29.2553 28.1992 31.7461 33.5249 28.4790 32.3737 31.3818 29.2773 20.8048 13.6481 19.0315 11.8630 9.9424 9.2403 14.2793 9.6553 12.3980 18.6312 19.3381 17.3023 10.6927 15.8124 16.6534 19.2243 9.6193 9.9590 10.3177 10.5766 19.4648 13.0370 10.4316 9.5716 14.5301 9.3178 11.7536 
34.1378 30.3624 29.4841 26.0950 31.8357 29.2028 31.5199 29.0386 29.8098 33.3131 29.9078 35.3985 25.4582 28.5319 30.7561 33.6920 26.6756 28.7125 30.3019 24.0984 24.1414 34.0203 33.2253 31.1971 26.8026 28.2671 26.0524 34.8506 30.0709 33.7060 30.8652 33.1911 32.9289 31.1406 33.6274 24.5016 33.6237 28.4900 32.6770 11.9923 22.2168 11.8073 12.0621 20.7788 17.9556 11.7166 11.0284 15.2261 14.0627 20.0153 10.8642 18.0676 21.5478 12.7308 14.2114 18.6331 14.4692 18.9251 13.9838 20.4909 
33.2969 34.0637 32.5900 29.2138 24.5372 35.1256 30.9059 35.6115 31.8838 34.2682 28.5227 26.2544 35.1378 33.1735 34.6865 32.7993 31.8879 32.1493 27.1427 35.5994 33.4632 25.7215 27.0193 35.3658 31.9562 24.8571 33.6645 27.5499 30.4410 33.9939 34.9002 27.2356 29.9736 25.3646 25.3844 33.6028 29.3978 22.0569 22.6841 24.3523 18.5400 14.8920 21.2350 21.0327 16.2706 19.6773 20.7738 17.4203 16.2680 21.3940 18.6997 25.9061 21.7418 15.6122 18.7210 21.9981 19.9204 16.6106 20.0276 20.4242 
33.9953 33.5187 35.9523 30.8990 29.5579 34.1485 27.1048 32.8419 29.3970 29.4962 32.8944 26.4615 32.0480 33.6212 24.2633 29.4885 30.2012 33.0865 33.3028 24.4579 26.3396 31.8027 32.2595 28.3824 29.7830 31.3099 30.2901 26.6084 28.0005 28.1015 34.8649 35.9537 27.3233 31.3694 11.1374 13.8015 22.6181 13.3748 21.2293 16.2031 20.7199 18.0268 13.9044 19.8148 12.2577 13.9414 13.1615 16.3129 17.6970 19.4259 19.7879 22.7316 17.9985 13.4578 12.3885 13.6954 15.0273 14.6796 12.7403 21.6696 
27.1687 28.9556 26.5085 26.3256 27.7504 31.7931 28.0574 28.3714 35.3082 35.1807 27.0700 30.5292 35.3126 27.5991 24.8788 26.1989 25.2922 29.1385 25.4729 33.2429 24.6147 33.5690 30.2997 32.8713 30.7131 26.8592 32.3381 31.0422 28.9141 25.3708 35.3882 32.1761 24.6698 34.8245 34.2796 33.8587 8.6530 13.4900 13.8715 8.6537 16.9885 18.4008 11.7839 18.7456 18.4008 18.2091 15.7576 10.1898 17.3572 18.9549 15.5280 8.2622 8.7319 10.4277 16.2096 7.9898 18.4485 8.1892 9.9952 18.4427 
28.3791 26.5147 26.3957 24.4697 29.1712 24.0264 25.4766 30.4050 31.6547 34.6960 27.0274 34.3336 27.3347 33.9322 32.4435 26.5999 31.5049 34.9182 35.5520 27.8654 29.8953 27.5683 26.7567 16.1061 23.0778 25.6781 25.9406 23.8478 19.5345 17.5196 22.1017 25.3836 16.7859 20.2157 18.5584 22.5865 16.6896 23.8038 16.2526 21.2626 18.0509 25.3164 25.6887 27.2031 17.9338 20.3365 21.5814 21.2957 27.6614 22.6794 17.6716 19.3652 27.1708 16.3239 19.9160 27.5891 28.0643 26.4683 19.3744 23.2283 
31.2889 33.2940 29.7194 33.7747 33.6410 27.8815 27.9818 35.7793 28.1569 33.9311 31.3848 25.9933 29.4774 25.9264 31.1696 27.9017 29.6673 26.6219 28.4114 28.8153 29.0103 34.2098 25.3881 25.3121 33.5473 25.1909 30.5137 27.9983 30.2673 24.2919 13.3001 14.7040 11.7883 16.9697 17.1706 8.3419 8.6654 16.0932 16.4347 14.6526 7.4349 9.0084 15.2354 9.2996 14.5538 13.5531 10.8772 10.3613 11.9877 17.3494 17.3274 15.3573 15.2677 15.7146 13.1510 8.5248 17.0693 7.9494 14.3180 14.6515 
26.3036 30.6055 34.5858 28.7136 32.4178 32.1093 27.2444 33.4923 26.6928 32.4971 25.2309 27.2550 30.4638 28.8047 28.7933 29.1701 28.7687 28.5322 25.3091 29.4253 31.6378 29.7257 26.4732 29.5814 26.7328 26.1864 30.1146 32.2801 35.7944 26.1416 25.8438 31.8210 24.0845 30.6158 16.8249 18.5131 23.1804 23.5017 23.4892 27.2940 26.8280 18.8773 18.3357 15.8140 21.1232 25.9647 21.4427 22.7173 20.6708 24.4815 17.0453 18.2890 26.7707 27.3847 17.9846 19.4524 20.8570 23.8421 21.6965 24.7628 
33.6013 34.0100 24.8024 32.3660 27.3766 26.4148 31.7494 30.1091 29.0919 28.7540 25.3352 26.5074 27.1368 27.9869 25.8387 35.3027 27.2962 28.1779 35.0327 27.3274 26.1736 29.4400 28.6596 32.7982 30.7058 25.0444 26.7688 34.0886 32.3891 26.1016 33.2168 34.4169 22.6540 24.2587 18.0105 23.3763 22.2390 26.2186 26.6486 24.2510 17.0175 20.9328 23.1240 26.8131 27.2791 26.7632 21.4998 16.0712 22.4215 19.3049 16.4524 20.9997 26.9284 18.0637 25.5701 19.2260 22.7491 25.8455 19.9950 20.2674 
24.7289 35.5575 32.6528 27.1184 25.4270 33.8609 26.7005 35.4462 24.6357 24.9768 35.5406 24.5949 27.2224 31.9349 27.5999 30.8861 33.2319 34.4177 34.1287 31.6224 35.9780 30.1399 26.7376 31.2012 29.9354 30.7234 27.5356 27.0152 30.3140 34.5656 35.6005 33.0009 9.3362 6.5706 14.7383 13.2247 7.3352 7.0286 11.1271 15.1915 14.6194 9.9494 11.8296 10.0945 10.7926 6.6088 6.0797 14.7049 10.1775 6.8057 16.7551 14.1442 10.4602 7.9231 14.2040 11.3327 14.3072 9.7941 5.5131 7.3675 
33.9509 25.0987 26.4949 31.6951 35.7973 31.3558 30.7392 27.4041 31.5467 34.7731 26.0476 31.9654 24.8982 25.9268 29.6515 32.8217 26.3612 24.6948 26.2507 33.1302 28.3501 30.1260 35.6702 24.7723 27.4948 33.2293 27.8742 26.5918 25.2243 28.2428 16.4867 23.5630 21.3105 17.5255 23.6287 17.4029 16.8612 19.0293 19.7957 23.1286 28.2156 22.1675 23.7356 17.5211 19.9378 21.3622 20.8356 24.1432 24.2827 26.1530 18.5343 26.8198 17.2079 19.5298 16.3993 18.7928 25.1038 18.2868 19.0950 19.4685 
30.4884 31.4006 28.7555 30.9588 27.8382 25.7381 27.2859 27.9616 30.7701 35.7070 35.5891 26.0781 35.7139 34.4900 24.0830 29.0026 28.0170 34.6295 31.3418 35.3570 35.7947 30.2589 26.0403 27.1845 33.5789 28.9501 29.5101 30.9526 25.5467 26.1449 25.4909 34.8381 17.5912 21.0037 19.1206 20.5700 20.3776 15.7679 17.3033 18.8320 21.8979 13.8525 16.3610 13.9230 22.9125 18.3157 21.1789 15.1881 13.6289 21.8553 13.2929 12.6212 21.7220 14.6608 13.0700 14.4327 13.1643 12.6858 20.4566 15.7367 
35.5314 31.9037 27.8117 34.1000 35.5197 29.6273 24.9584 25.2926 24.6661 33.0263 31.8578 32.1075 34.2340 33.8878 26.9972 34.9274 32.5984 31.5074 28.4760 33.7743 31.2140 35.1723 27.9002 25.5155 34.1742 30.4704 32.7883 28.5653 25.7729 24.1223 29.8450 32.1207 28.0361 27.2343 16.2926 21.6360 17.4189 20.0056 20.4602 18.2796 21.9790 17.2378 24.9112 26.0963 26.5119 18.2356 19.4213 22.4402 24.2712 20.6126 24.8811 17.7611 23.2565 20.7033 21.3635 26.2270 27.5504 16.9143 23.8088 26.6901 
29.5329 27.7688 35.3357 35.4183 28.4147 35.3280 33.6314 33.2910 33.8852 29.3816 32.9778 27.9524 31.4924 32.2103 35.7800 27.0714 31.7939 25.7538 25.2915 34.9464 33.3718 33.9917 32.8507 26.7810 29.3030 26.8173 30.6599 25.1744 31.8897 33.8628 9.5170 17.0233 8.7818 16.9447 17.4827 8.7502 14.8626 18.6556 13.1484 17.8763 15.5886 15.0998 19.7921 10.4137 11.4037 14.7061 12.9336 15.2753 19.0760 11.6163 15.1806 15.7105 13.8454 10.3417 11.7379 17.7790 14.2945 19.3228 19.3573 19.4837 
34.3765 29.1760 30.2714 32.5658 32.5052 31.7671 32.2467 31.4457 27.5815 28.9211 28.5128 34.1790 24.2266 25.9819 35.6603 31.4905 31.0447 24.7091 31.8750 24.1307 29.2935 28.5282 26.9080 13.8315 16.8530 17.7086 21.0294 12.8114 16.1277 16.2236 21.3547 21.4256 18.0354 22.4094 18.5150 20.9835 15.9026 21.9111 20.3258 15.5659 17.1879 23.4956 21.3635 12.9645 17.9356 22.8934 16.6745 15.1421 20.8638 16.2085 23.2176 21.5956 14.7503 21.1539 17.6590 18.9212 19.2711 22.2588 18.0285 20.1359 
24.4950 29.9622 30.0562 27.3795 27.6645 28.6523 30.1895 24.1036 28.7511 31.5199 27.3865 26.7938 26.8625 27.5003 29.8884 31.4369 26.0531 34.4004 32.7409 33.8411 29.8796 26.4912 31.9621 19.2107 15.9762 20.2646 23.4289 20.6458 18.9415 17.9713 21.5238 19.6517 20.9267 18.2276 16.5245 16.1536 24.0407 15.0655 19.2434 17.0397 15.9946 14.2183 15.6376 12.8567 17.4418 18.9485 22.8568 21.7526 23.8656 19.3818 14.4552 20.5316 21.3788 12.7891 17.4730 21.9200 21.1621 16.0923 16.2645 21.6531 
25.4435 25.8460 25.8053 30.8365 29.9398 29.6104 35.2553 35.6027 27.3380 30.1752 31.9004 24.5394 33.7838 24.5372 26.8232 24.3562 35.9453 26.7754 25.4553 26.1695 32.2309 24.1153 18.2200 15.9766 21.9887 23.7731 20.2702 15.7724 24.4307 24.1425 16.6854 20.2566 22.7628 14.8739 24.0628 20.5118 23.3900 19.7436 16.5811 23.6677 17.3842 22.1323 23.8913 19.4366 22.2205 15.8033 16.3897 18.9617 14.8610 20.6381 15.9425 18.9562 16.7819 15.5756 21.8125 14.8426 19.9610 23.7731 21.4107 24.1601 
34.8693 25.6363 33.2198 28.1309 28.2223 26.2276 28.6927 27.8073 29.0955 28.9990 25.0077 34.7761 27.1463 30.0815 24.1410 29.8832 29.2641 34.1712 26.1578 24.6180 32.1038 24.1190 25.6841 31.0903 29.4249 30.6617 32.8415 30.8094 35.0599 34.9391 30.2820 26.8709 24.1212 32.0660 24.6287 29.5182 25.9580 24.5068 31.7593 27.3632 22.5644 24.6172 25.6615 24.2294 19.6803 16.9449 16.5494 18.2463 21.3225 24.6741 16.0525 22.3823 17.4542 21.3996 26.2590 27.1113 16.3536 25.1361 27.0210 21.2725 
27.1599 35.3985 35.0878 28.0879 27.4486 32.0443 34.4962 31.9532 26.9958 31.9591 27.3516 26.5379 30.2732 28.7169 30.0239 25.6077 29.9743 32.5144 29.0386 24.2534 26.4012 31.5688 26.1875 27.5194 27.3189 24.1432 28.1925 28.7584 30.1594 31.3194 33.9528 31.3495 30.5729 30.7366 18.7230 21.3788 23.5850 22.7272 13.4872 18.1223 14.4056 21.7746 20.8988 20.4170 23.9225 23.0136 15.7357 17.1425 14.9473 18.7414 23.9317 24.2996 13.0473 18.3962 17.4609 22.8223 17.8450 21.3549 21.5128 17.5949 
29.2465 34.0574 35.0592 32.2782 26.7112 34.6090 26.4850 30.6537 29.3269 33.7467 31.5478 34.0042 30.1417 27.8668 32.1589 32.8915 25.9852 30.6951 28.6512 28.1298 27.0156 28.0938 32.4688 24.1495 30.0088 29.6265 33.3046 26.7993 26.4468 27.7365 26.8059 27.9208 26.2411 30.3705 26.5096 9.8249 20.4170 10.6593 10.4154 20.1614 15.9773 19.6859 10.6218 14.7960 19.5482 18.5611 9.0383 11.1260 17.3897 11.3555 14.6608 8.8011 8.8683 11.0437 9.4853 17.1142 10.0140 12.2930 19.6220 17.6460 
26.1783 29.9534 26.2624 28.3413 25.4142 29.1007 24.8358 24.6676 35.7833 25.3576 34.1867 26.3421 25.7399 34.6574 32.0417 29.6122 31.7439 34.4691 24.0048 29.1668 29.2164 33.5495 28.3207 35.2593 27.0740 24.4979 27.1996 34.7313 29.7327 33.0619 24.9559 28.6762 33.9190 10.6520 18.0732 16.5279 12.8006 14.0455 18.8469 12.5777 8.0323 10.3590 10.6741 13.5946 18.2616 15.2485 11.9759 14.8244 8.4976 10.7093 18.5326 17.1111 17.6700 14.2699 14.0066 14.8780 15.7013 9.9183 10.1982 15.2467 
32.9043 32.7519 26.1078 25.2695 29.8061 28.5517 30.2365 28.7346 24.6213 26.6168 33.9135 31.4421 25.4131 27.6046 26.8056 35.3258 35.3632 25.1024 24.7741 33.0204 34.1297 32.9715 25.4402 28.3549 26.1637 32.1548 24.8773 29.8939 25.4986 35.8586 28.1261 10.6824 16.8080 16.5986 12.0962 19.2276 16.0853 15.4985 15.3527 15.0651 19.3917 10.2094 13.8783 9.6806 9.8077 16.9211 8.6506 13.9429 15.6049 14.8701 8.1937 13.1692 18.0877 13.7332 8.3950 11.1216 13.6341 19.4215 12.3984 13.9594 
27.4537 27.9050 29.5909 31.2956 24.4315 24.7458 34.8767 30.2938 24.1645 31.8133 29.5836 26.6682 32.9433 25.1446 34.7030 31.9297 27.4269 35.1649 35.6265 34.3732 34.8414 33.9516 33.0722 34.3189 28.7551 26.7993 34.6182 28.8972 9.0969 11.3142 9.5622 9.7003 13.9416 13.3313 14.8909 17.1320 13.4499 10.1516 12.5675 16.8456 20.2171 19.7158 16.2272 12.2399 17.4732 9.7799 15.2993 14.0015 18.1944 16.8831 16.6921 18.8246 10.1189 18.0075 10.1721 12.5025 20.1701 9.5431 9.7227 9.8031 
31.6011 32.4457 32.6017 34.3523 33.6953 30.2413 25.7784 26.5257 35.0100 28.8906 33.2627 32.3443 33.6351 31.0495 26.2217 26.4181 26.2617 26.3675 30.3536 25.9250 33.5132 31.3139 31.9804 30.8942 27.9065 24.0191 30.6298 30.4102 25.0348 27.2025 32.4141 29.9963 26.9954 32.7226 25.1960 25.3400 30.5167 32.8456 30.6779 14.3819 9.8034 12.6068 14.0738 6.6872 12.0148 9.5794 8.8806 15.2912 12.1349 12.6674 10.2588 12.5344 12.6325 9.3242 5.0887 15.5699 10.6076 12.9777 5.0788 7.7756 
26.9043 24.3415 31.7311 26.8100 31.0242 28.7302 26.3458 26.0406 28.7628 34.7694 29.7598 25.6819 29.4459 30.3507 24.6720 27.9392 25.1476 25.1332 30.4781 28.0508 32.3194 29.4400 35.7216 31.9297 28.3420 35.5278 22.0342 25.3102 18.8615 25.0102 25.2580 25.1141 16.1484 15.8135 18.1079 25.9627 16.6754 24.7796 20.6039 23.9489 26.1526 22.7264 18.0616 14.8356 15.6516 22.8153 17.3981 25.1861 22.2468 14.7670 17.3518 16.6996 16.3566 21.4111 20.8393 25.1214 15.9681 16.2182 19.1336 22.7000 
25.6158 31.6723 30.2600 33.3391 30.6467 27.9208 36.0004 31.3683 30.7851 33.1941 25.9811 35.5865 24.6966 28.0240 26.7450 31.8721 32.7075 35.5983 35.1025 29.2101 35.6240 24.0305 24.0400 25.4274 30.8997 34.1757 30.0599 29.4510 27.5293 34.0020 26.0168 29.1591 35.7040 29.3467 35.5825 28.5377 16.1829 15.4657 12.0745 18.3293 18.8129 15.3592 14.9201 20.8551 18.4050 18.4156 14.4735 13.5345 13.8162 16.7158 14.3806 15.6864 18.7814 12.7079 14.7317 22.7907 17.4865 15.5987 12.3517 13.1431 
31.0800 24.2622 33.9913 28.2289 31.5721 32.7692 33.1654 33.3571 30.7264 32.5129 28.1419 24.0867 28.0802 33.1375 31.4065 25.2228 33.1735 24.9001 33.6039 30.1726 31.3859 28.5197 35.9890 31.4388 26.3157 35.7209 25.7461 29.9905 25.2181 24.3445 28.4169 29.8898 32.5489 33.3689 13.7694 15.6286 11.4497 9.4894 11.5455 20.4175 16.1960 17.8426 15.8445 13.1003 17.1992 18.0971 15.5570 17.8224 11.6917 20.1381 18.4022 13.6163 13.8836 13.0904 15.8827 10.9624 19.3199 19.6104 14.4432 13.9644 
29.3574 33.8995 31.0488 33.5437 31.6025 28.5924 34.7180 35.0636 26.0557 34.6817 28.4801 28.4276 29.6262 25.2526 27.6560 25.5655 31.3936 24.6353 26.6638 27.5066 33.3079 29.9229 31.4127 20.8445 21.7412 15.1562 19.7252 17.8671 22.8381 19.2250 21.8473 15.7339 19.2893 15.3681 17.4444 14.6524 23.4040 18.1090 19.1692 18.5769 23.9368 17.2204 15.1250 16.4555 19.7825 16.5142 22.4610 21.5029 23.9941 17.2861 18.2097 21.4728 21.9421 18.9882 23.0114 23.8057 17.8682 19.4531 17.7113 24.5604 
34.2888 32.7982 32.1346 28.6556 27.8811 32.3877 28.4602 29.2266 24.7410 24.1157 27.8782 29.7268 30.6665 33.1585 25.7013 30.2416 33.1856 31.2937 32.7586 33.2848 34.0706 27.3854 34.0736 30.8861 29.4121 26.3733 29.1686 35.6023 26.3855 34.6347 29.5197 35.5032 35.4084 30.8641 7.3203 16.1806 10.7828 12.4482 6.2594 12.3222 13.7063 10.6657 11.4412 7.0732 5.2602 4.2577 5.6884 14.6764 12.4753 9.6959 13.9075 8.1954 14.9203 12.9557 9.3147 15.8391 6.1893 9.1693 12.5833 11.5250 
26.5290 28.9472 27.3931 35.8638 26.5434 25.9661 24.0228 25.9705 34.3780 24.7767 30.1417 32.1380 26.2775 30.6827 29.1859 27.7978 27.9436 26.3025 32.5059 35.1010 26.9389 25.2864 28.0192 33.7754 31.0168 10.7860 12.4528 18.9093 19.1935 19.9155 17.9321 14.6315 12.2079 14.2401 12.1256 11.6416 12.2064 11.0978 12.8722 17.6027 11.2010 19.5343 19.7410 19.8784 10.6777 18.0111 10.2051 16.5580 14.2588 20.0388 21.0153 20.5236 17.0056 17.5249 18.8267 9.8628 11.2895 18.8145 16.2135 20.5375 
31.1949 32.0851 32.9315 28.0141 31.3973 32.6458 32.7516 33.0957 35.5491 31.4028 35.2990 27.8911 35.1286 34.7254 24.9045 31.0491 29.1917 30.8589 26.4486 29.1554 24.7054 32.5368 27.1669 26.3139 33.7152 32.8437 26.3296 34.9912 30.1054 34.1499 34.1775 26.5610 27.2826 27.1467 28.0181 34.4419 25.9163 22.6036 26.7473 22.1034 23.4071 19.1602 21.2221 15.9496 20.1153 15.1663 23.4144 24.4760 16.0891 26.7209 26.5369 21.7285 17.5635 15.3617 18.7419 21.8438 16.2602 17.8444 16.4457 22.7035 
34.9160 29.6600 33.0619 27.9406 33.8525 33.0916 24.6089 28.0563 36.0235 34.0868 26.1020 25.3947 28.8961 33.5172 30.7950 34.5344 27.8250 30.6617 31.1766 28.8278 17.5344 17.3497 17.5712 15.8761 24.1194 19.8053 20.2137 24.7621 23.0978 18.5586 23.6553 18.9269 16.3458 23.6163 17.1555 26.9088 19.5512 26.9584 21.9587 23.4992 22.8419 19.8736 16.7299 16.5639 20.6305 19.2486 16.6223 21.9190 16.2859 24.9706 22.0736 19.9008 21.5650 17.1206 16.6990 17.3431 16.5855 23.4151 19.1675 19.7976 
25.5353 35.6152 29.1837 35.0056 34.5186 25.2750 30.6125 34.7221 24.9834 32.0406 30.2651 28.3945 28.9644 32.0355 33.5018 24.2747 26.9282 26.0755 24.7186 30.4230 32.7281 32.9840 25.0091 33.6494 25.9132 35.4561 27.4438 32.7262 34.1004 29.2623 31.4634 26.9642 24.3426 31.7682 21.9814 26.8779 17.6640 23.2322 23.5083 17.1833 18.5861 18.8637 22.9230 19.2354 25.5743 24.6702 15.3671 18.5406 18.8960 18.7499 27.0670 24.7716 23.3567 23.9200 16.7471 26.0829 18.2369 24.4359 18.6728 24.7631 
35.6838 28.1033 24.0815 33.7974 24.9717 28.8807 35.8513 27.6538 30.2916 33.6623 27.0854 26.3355 29.4077 25.0961 31.2776 27.1603 31.7817 24.6973 32.7262 32.9848 35.2439 25.7972 24.7925 29.3482 35.8935 31.5243 29.8241 28.4841 29.9409 32.7373 34.4992 30.1535 24.4069 31.5750 28.9744 32.0465 14.3751 12.6632 14.2782 18.8622 10.3085 10.1668 16.3376 9.0666 14.0020 17.3434 8.2172 17.2898 13.6076 18.1079 18.5765 10.3225 16.6335 7.5937 15.0651 15.4893 11.9001 17.5343 10.1738 15.1845 
30.4227 31.0532 32.5713 31.8354 34.5932 30.7723 28.6126 34.6369 27.5819 28.8502 27.2205 35.6827 35.4565 27.4867 27.2528 28.0409 31.8765 24.5134 32.1207 28.8146 33.9267 34.2263 24.8854 29.0159 25.3807 24.3004 26.6653 30.4175 28.1419 22.4235 21.2234 16.9244 23.5020 22.5333 23.8759 22.7955 16.4125 12.6283 13.5511 21.0560 12.7219 22.6266 22.0534 14.8896 13.9286 20.8948 15.1210 19.2599 15.9953 23.3342 23.9284 22.8840 16.6303 18.8938 21.0960 18.7631 21.4651 18.7234 15.3872 16.4059 
31.7568 28.7952 24.4050 34.0100 31.7494 25.6077 32.9976 30.9059 34.0743 24.9533 35.8594 32.2489 34.5998 27.0362 26.8342 31.0110 28.6093 33.1555 34.5609 30.1921 35.1708 28.2531 31.9242 33.1856 31.2779 29.5792 32.2353 27.4934 26.2771 27.3608 28.0607 31.3532 31.7810 34.4525 24.2754 26.1750 12.9181 22.4680 13.5321 12.5439 22.9090 23.0956 14.9114 14.2471 13.5545 12.0239 20.3121 11.7558 20.6216 14.2507 21.1170 18.3092 12.1554 12.1076 19.8534 15.3065 22.8595 18.9291 15.2562 16.6799 
25.7762 30.9915 32.8919 35.7440 28.5234 31.3657 33.4875 30.3309 26.9950 30.8038 33.4317 27.0946 24.6584 32.4244 24.9280 26.7053 33.5147 24.3650 25.2831 26.0627 30.7220 33.2058 26.4442 32.8070 24.8553 28.9744 28.7918 31.6341 26.1126 34.0802 28.7004 29.1234 33.6546 24.4179 27.9366 33.0729 26.9168 35.1543 30.6694 13.9900 7.0521 16.4724 17.0978 10.6266 8.2133 13.2894 8.9411 6.2608 16.7456 9.8709 11.4404 14.1589 6.5825 13.1406 7.0727 10.9604 16.8811 16.4445 14.2559 12.2281 
32.3256 31.8243 27.8797 25.9253 25.1788 28.7210 27.6487 28.0020 24.3162 34.7852 24.5262 35.9890 29.4312 25.8662 27.7974 25.0212 27.9340 30.5505 33.4019 32.9271 27.9436 26.6723 35.0801 26.0113 29.2590 22.1652 17.0866 17.8027 10.6772 18.1185 21.9181 21.3104 18.0876 15.0592 19.3858 10.8542 10.4763 13.0942 19.5150 15.5670 17.6301 10.5057 11.2019 15.2512 13.9906 11.5192 12.6106 13.3057 14.2311 11.8163 19.8749 17.6451 11.6764 10.2989 21.4422 17.2217 14.1404 17.3980 10.7484 11.6870 
33.9193 27.1004 34.7235 24.7800 26.3807 32.5125 28.1004 33.5069 28.6666 27.3266 30.1113 33.5415 29.8447 33.6994 24.2585 26.7439 28.8488 35.2567 28.1301 24.8692 31.5027 29.6460 33.5128 18.0535 17.8258 17.4362 20.7610 13.5246 17.4479 21.5674 19.7948 17.1343 19.8327 12.9620 19.6263 18.1570 18.9025 10.3029 16.9959 18.4111 15.0360 13.0009 18.0491 16.4091 15.9915 17.9749 13.5635 17.0069 21.4976 13.2381 11.7259 12.7791 20.4628 17.8515 16.0404 21.7301 11.7116 15.2050 10.3966 19.2690 
33.5073 31.6525 27.3711 27.3017 31.1560 35.7246 30.7980 34.2307 31.0572 33.7688 32.4468 26.7314 34.6332 27.1871 29.1547 29.2230 26.1163 29.1870 29.4337 34.1999 28.0783 26.0432 26.8063 29.5865 32.8952 33.7956 35.7672 30.7282 28.6174 28.1562 26.8114 30.1417 15.9122 9.7892 9.1433 9.8836 11.5096 12.3810 18.8584 19.4768 14.0321 9.8263 15.5516 14.0159 16.8890 16.2853 15.6893 13.9289 20.0482 10.5460 20.4940 16.2842 12.0513 9.5266 13.5290 9.5516 11.4674 11.6033 11.8934 20.0655 
34.4533 34.0717 31.2140 34.2102 28.5297 33.8077 28.6978 31.4028 32.5999 32.6076 29.4664 31.2221 33.8422 29.6232 27.6582 34.3593 26.7101 33.8646 25.1567 26.6388 25.1575 35.0353 24.3235 32.4038 24.3180 29.7642 35.0452 28.6993 30.8270 34.4136 25.7726 27.4739 34.3229 33.7056 31.0165 25.3437 27.2881 24.9786 32.1167 20.0003 18.1161 23.2308 16.4277 20.5133 23.3079 17.3799 23.3519 24.1308 21.9418 21.8100 18.9578 17.0383 12.5976 18.9560 19.1447 19.8167 23.5054 21.2195 14.3048 20.6140 
33.2066 31.0572 31.0873 30.0793 30.1869 25.5423 25.4792 34.2329 28.4063 32.7082 29.2718 35.1877 24.7616 33.5984 33.7229 33.3942 29.0456 31.5798 32.7813 28.8455 29.5821 30.5916 29.6750 23.7490 22.3110 15.0827 25.9116 24.0612 21.7176 23.0021 22.3966 26.3559 26.5414 24.5705 20.6424 25.9858 22.8567 18.8202 25.4368 20.9787 21.5233 24.5308 24.9146 15.7973 24.3384 20.8278 25.8624 19.2051 19.9200 15.1888 19.6744 21.5622 17.2158 22.6320 22.2170 15.1102 22.2567 22.6525 24.0369 18.5095 
27.3894 33.9344 27.8110 30.6470 35.8553 35.6214 31.1075 27.6704 24.3536 34.2418 25.3227 30.4509 24.3154 31.4648 24.3933 30.5809 26.9414 29.4187 28.5719 25.4520 27.5565 25.4707 29.5450 34.4882 26.5581 28.9406 34.0016 35.9592 27.9417 24.9078 29.3155 29.3228 34.2807 32.8988 25.5871 24.9203 31.0091 29.1906 25.5078 14.2669 11.7493 5.5737 12.8957 7.2383 9.1446 13.2251 11.6027 14.9731 8.5236 13.3547 10.8900 10.5841 15.6293 14.9441 7.4631 11.2249 11.3468 8.3855 8.3874 6.8201 
29.8314 24.6320 31.6466 24.9283 30.3727 27.5176 33.4577 24.3999 28.6409 32.5334 25.2709 33.4809 32.5371 33.4923 27.2495 28.9839 29.7947 29.9016 26.4005 27.1214 34.0637 28.5972 33.3388 29.0280 33.2481 25.7549 29.4613 30.3298 34.5080 35.8336 26.0157 31.9536 33.3281 21.8010 15.7077 17.8416 15.1925 19.5841 12.0186 15.0148 19.5955 11.4865 18.2728 10.3415 15.1562 20.7919 12.1013 18.7351 11.4307 18.3910 15.9707 16.9632 11.7990 18.6150 15.7540 14.9546 17.6444 14.0527 13.3847 13.6612 
27.5775 28.9718 27.5752 29.3232 31.7035 30.8729 29.1638 32.7857 26.6436 24.2644 35.5020 26.0531 34.3644 25.5820 33.0582 32.6418 29.5424 29.2725 24.3503 33.2760 26.9535 29.9097 35.2971 35.5865 30.3158 26.7560 30.8431 33.9344 33.9898 26.1846 29.5256 34.2197 34.2891 27.2976 27.7930 35.7503 16.1076 21.1194 15.6460 15.5946 22.5023 19.2579 25.7842 18.5470 25.1551 14.9596 21.4245 17.9830 23.3322 19.9017 17.3187 18.8441 17.0689 19.4845 22.5357 19.8984 22.3819 18.9440 23.9595 22.6375 
24.4135 33.0384 34.1790 29.7543 28.5208 26.0061 26.9256 29.6060 30.5064 27.4845 24.1799 32.9826 34.3225 24.2350 27.6861 34.2586 27.9432 24.7275 28.6795 27.8411 33.5591 24.3702 29.4694 35.1745 28.0655 20.0581 13.8429 21.0595 15.6177 19.5039 14.8168 20.7911 18.7335 20.5498 12.7691 11.0887 12.7658 18.4809 9.2549 19.0449 19.7114 16.5269 9.5361 14.0963 13.1477 9.0970 14.2237 12.8183 14.4686 13.4481 10.0003 18.0119 12.4107 17.8074 18.4651 12.0534 20.6034 20.7980 15.4598 13.9105 
35.4855 25.5996 29.9137 30.1998 27.6538 28.6468 26.5819 32.9414 34.7280 29.0474 34.7059 34.7643 28.8161 30.2714 25.7840 25.0345 35.4360 29.0750 24.2666 24.6254 28.1624 26.2180 28.7728 28.9663 28.8018 34.2917 26.2114 33.3634 32.9198 31.8912 34.5039 32.6862 24.3272 35.9809 31.3899 10.8316 20.2375 10.0512 14.8765 10.5698 19.6034 14.5442 10.6671 16.4702 19.0074 10.3520 13.4726 12.1958 10.6840 16.6201 20.4344 17.0688 18.7441 9.5992 11.1951 12.0023 10.0171 17.1489 14.8504 10.8903 
31.0216 28.1397 26.7303 26.5702 29.5608 26.9657 28.0493 25.6731 33.7207 26.2746 30.4102 31.1009 24.0187 35.6589 25.2526 25.9319 28.6178 32.4225 33.6656 33.7453 35.1183 29.1635 25.4770 31.9470 35.4907 30.7300 25.8203 24.6514 25.5284 31.3429 29.0048 31.8251 26.8908 28.1940 31.4289 16.9348 8.0697 16.6039 14.7428 10.3421 8.1549 10.3953 17.6887 16.7905 14.1377 15.7608 6.7874 13.0624 16.6601 15.0205 9.8908 9.2162 11.5499 8.8769 18.2204 9.4769 10.3424 16.4302 11.8976 15.3660 
29.6254 25.5034 31.5978 31.4663 33.5488 28.2935 28.9244 30.6922 25.3301 26.8728 31.8170 24.2666 31.3870 31.6536 34.8491 29.2509 28.2719 35.7808 31.4722 32.3223 28.5084 29.8671 31.4740 29.1525 24.1245 25.3763 15.9175 22.2307 18.2640 24.5820 18.6793 26.3700 24.1538 25.9022 24.7998 17.2729 25.4630 22.2961 26.8757 24.5111 25.7024 21.3556 25.9675 15.5065 24.2809 25.0252 21.7500 16.8370 15.0791 17.3331 26.7468 18.8795 21.3321 23.6915 22.3097 19.1361 15.2851 22.5278 20.6572 24.1289 
27.4144 25.3973 26.4600 31.9782 26.1251 27.4629 30.4888 34.9292 27.5580 30.6863 27.5106 32.2694 32.8335 27.1294 24.9908 32.6095 25.3870 32.6741 34.6068 33.5194 29.0122 28.7052 32.1156 29.1209 26.4240 33.4519 33.6234 29.4565 35.0254 26.6069 34.4423 34.8473 28.8965 34.4386 32.0105 34.8157 27.7728 11.5493 20.2190 19.6781 14.7151 14.3835 15.5557 9.5733 10.6357 16.6386 17.2361 19.6428 18.3168 15.3225 19.1063 11.4546 16.8880 18.2691 11.5831 14.1176 20.2289 11.1314 9.9802 10.7201 
35.8990 26.6719 34.1911 35.8270 25.1009 24.8564 25.8141 30.6301 34.2124 32.5874 31.0315 34.3038 24.5549 35.8704 30.6834 29.0577 28.6365 29.8553 32.0370 32.9785 26.1183 26.1073 25.0956 22.7028 17.6979 16.2812 18.1860 24.0163 24.5528 21.4517 15.8358 21.3107 20.8788 22.5592 21.6940 25.8561 20.5325 21.5420 25.7658 26.0184 20.8204 24.9586 18.9593 23.3458 16.0682 22.8361 21.9393 25.7221 19.6707 26.2986 21.8787 16.0021 15.2879 16.9459 17.5338 16.8464 16.5460 15.9268 18.0843 17.4747 
