34.7577 27.2329 29.6962 25.8851 26.5402 31.1340 25.0374 20.5822 27.2156 21.9477 20.7447 28.9633 19.5801 21.0691 25.2373 18.5355 20.5305 21.0090 21.6225 19.6810 17.8698 20.0569 15.6248 19.4585 19.6619 20.1131 13.5119 17.3118 14.9623 13.6421 20.6236 18.9420 11.7507 15.7699 12.7612 15.3504 11.0575 11.0493 7.1542 12.1079 10.9136 15.3121 4.7505 11.4514 7.4086 1.7978 2.7577 12.2700 2.2610 0.2809 5.6074 2.7779 8.2483 -1.9476 4.6402 -1.0984 1.7343 -0.3891 -0.9183 -5.1149 
27.6792 33.5059 23.5936 29.5401 31.2456 31.7891 29.9296 27.1186 32.8661 28.0952 20.9018 28.2636 25.3960 27.6674 23.3225 23.4474 23.2294 23.8780 25.6356 27.3443 24.2763 23.5404 23.8112 20.8636 16.9069 21.5761 14.6181 14.9480 18.6867 24.6820 22.3914 13.9003 19.4409 13.0709 10.7505 10.9764 20.0395 12.1304 18.0864 10.6113 15.3643 18.6756 19.3187 17.4772 16.5993 13.8059 9.1570 10.8103 9.4237 11.6022 13.9429 12.6735 15.4575 14.6864 9.8818 3.8572 9.1394 6.3740 8.2564 12.6818 
34.7265 28.3248 30.3314 33.8817 30.8269 23.0724 25.8050 22.7909 23.5405 30.8883 20.3569 23.3340 28.8277 21.3817 22.6005 22.6943 28.0091 23.4292 21.3795 26.4769 21.6918 25.0618 16.8590 27.0924 23.8370 16.8339 18.2734 24.0576 20.4101 21.1149 23.7398 13.8646 19.3345 15.9260 15.6037 17.4703 11.6338 16.9222 10.8077 14.9357 18.6120 9.5499 19.2460 11.6953 8.8594 19.0428 9.7596 9.7163 16.3627 10.2879 13.4978 11.7727 14.8751 13.5205 7.0465 12.5780 12.1987 11.4526 5.8713 8.7489 
29.8674 27.6615 30.6146 27.4425 26.8339 29.2380 28.4998 25.8220 32.0613 23.0530 23.0456 28.7289 19.4951 24.5965 29.4584 28.1297 26.8267 18.4048 23.9112 23.3849 25.6631 18.1453 17.4871 23.5297 24.4851 17.9577 23.1677 21.4711 15.2007 15.9212 23.0304 15.6819 17.8628 19.7792 12.7465 16.5934 14.8605 11.2300 13.9492 17.0092 17.1193 7.5374 11.2326 8.1339 5.4836 16.2809 5.1798 8.5071 13.8853 9.9611 5.8129 6.9399 13.2383 5.0753 1.4368 3.3412 7.0658 11.3905 4.0287 0.3983 
33.9818 27.2921 23.2850 31.6800 27.7519 28.2810 22.6567 32.0964 23.9497 29.7642 26.1655 24.6749 25.8071 20.0795 20.5547 19.4376 26.3171 17.2431 26.9638 22.2086 22.8913 14.4566 19.2371 16.4650 19.1574 12.3113 15.3255 15.5311 20.2965 10.2174 14.2532 12.5136 10.2589 16.0944 10.6695 10.3584 13.5169 7.0134 12.1457 7.5547 13.1034 8.1220 14.4775 13.5727 8.0882 5.9554 4.5530 5.6620 6.3039 7.8547 6.2066 9.3893 6.8522 -0.3050 9.9959 -2.0504 8.8572 5.3532 6.8834 -2.8050 
29.3423 32.1281 24.4618 23.8141 31.1505 23.2352 24.2775 32.6208 24.8630 23.8676 31.1555 23.5083 20.7931 20.9280 24.8368 25.3198 22.1926 18.0894 20.2099 17.9549 21.6848 17.9080 26.2025 15.0832 19.3471 23.2372 18.9841 19.6937 13.1753 13.1860 15.5940 15.2941 14.9552 11.3228 15.2279 17.2055 18.2125 8.8488 14.6275 9.8482 7.3641 16.8686 9.2052 11.0579 6.9367 10.4790 5.8477 5.0932 7.2852 2.7105 7.1646 9.4418 6.3404 11.0354 5.1625 5.0569 3.8099 10.0843 4.2735 7.1578 
32.9877 30.0992 32.9225 30.8276 30.0797 31.8821 22.9249 29.6492 20.6227 20.4590 26.6401 29.3238 25.9007 24.6276 22.6646 25.4427 18.3238 26.9977 20.7065 26.0177 24.8857 16.1136 21.0374 18.2095 17.9033 14.9117 20.8714 22.8849 23.5985 21.2084 19.9258 19.2741 18.7134 18.5303 19.5185 9.3525 9.6207 17.0496 15.5772 16.2489 8.5157 18.2108 16.0200 9.5390 12.3627 7.2041 10.6869 8.9922 12.0358 11.2703 8.5092 10.6649 4.9672 3.1022 9.9315 10.9723 2.6431 0.1843 5.2090 1.2685 
33.0644 25.0789 30.1502 28.2259 32.5720 33.4217 25.1607 23.9926 22.6195 29.4509 29.1564 21.3970 27.6368 25.0776 21.5435 18.7467 20.5120 23.7354 27.1869 22.4663 21.6936 19.3827 24.6394 17.0651 22.3373 17.9964 15.5294 17.1947 22.1603 15.7526 19.3264 18.6724 21.4485 18.4986 16.4257 20.3164 17.2196 12.6473 12.9051 17.6955 11.4457 8.1995 9.2270 8.2766 9.1447 15.8898 10.1395 5.3417 14.2398 6.9630 14.4851 3.8857 13.0320 6.3743 13.8674 4.1673 13.3514 6.9265 11.0845 12.0639 
35.8439 27.3117 25.8032 33.2674 23.8216 23.4497 23.3620 27.7327 28.1030 20.6467 23.1340 26.8349 22.6226 29.0432 24.3884 21.9138 23.8000 22.0418 20.8804 19.0675 21.1747 25.5782 17.3265 15.2914 20.4047 14.6934 22.3093 21.2724 18.5084 13.3795 20.9925 12.3809 14.0071 17.5225 21.2808 20.3268 16.2460 16.5795 8.3455 18.3923 12.1504 10.5785 9.4428 17.2701 11.1296 9.2778 7.6878 12.3909 6.0513 6.3459 15.0065 7.2319 7.0998 11.6615 6.8238 6.1934 10.5061 2.2221 4.6521 8.9986 
32.7365 34.6519 33.9412 28.3763 31.9747 22.7053 24.9317 23.7198 30.3256 25.7845 27.3811 27.5357 19.4807 18.6926 20.5734 23.8835 22.8247 22.6344 21.7956 25.0422 21.6707 21.1716 15.0793 16.0579 14.8218 17.6890 20.9700 17.6723 11.7872 15.1355 14.4091 15.3131 18.6867 17.6959 17.4916 13.2318 9.7035 15.6554 14.0072 9.6057 15.3195 4.9801 12.5403 7.2897 7.3257 2.8749 1.2929 12.4691 0.6413 2.5446 1.0800 3.5301 3.8014 8.9189 7.7893 2.8971 -2.5161 2.2944 6.6914 5.5276 
27.7578 33.8585 29.8791 25.1740 32.2736 32.3538 25.1131 26.7547 22.7785 27.2110 24.2513 24.4931 28.6476 26.5064 21.3078 23.7320 29.5826 25.7328 27.4600 28.0561 17.7958 21.3032 20.0078 19.4361 22.9873 27.3676 25.7905 16.3252 23.7850 24.1219 25.0720 20.5722 24.2868 24.4966 17.7039 18.9709 14.8075 18.9400 21.8191 18.7764 23.2728 21.2833 21.9683 18.2793 12.4645 11.5044 9.9751 12.0970 10.0542 10.4058 15.0961 16.5089 10.0287 9.8265 14.0621 9.9284 8.3866 17.4754 14.6836 14.5034 
31.3393 30.1347 28.3742 33.1679 27.4447 26.6155 28.5819 24.8373 21.2914 22.4783 21.6108 26.4118 28.2141 19.5782 20.7727 19.5351 20.4902 18.5468 25.0958 22.4073 24.0209 19.0582 26.0449 22.9878 25.4132 23.3149 16.6201 25.4079 20.7637 23.5740 24.2606 12.9275 13.9780 20.7242 14.5112 21.8427 19.1564 18.6254 11.7767 9.3563 19.2929 17.1622 19.3945 10.6337 8.0029 8.8901 13.1476 15.3685 6.3646 14.2476 11.6091 10.9503 13.1308 3.7964 4.0861 7.6081 9.0207 7.1835 4.2754 11.3065 
28.0273 33.8121 23.8061 32.9759 32.0046 30.9103 27.6523 32.2092 28.1745 21.0762 26.4159 29.9441 25.2999 23.8780 22.3611 22.9908 28.1635 21.2844 26.4871 17.3955 15.8120 18.4167 22.1649 24.7178 14.3957 25.0792 22.0566 19.1291 22.8164 21.6122 15.6295 18.1545 12.6631 14.7327 19.7291 10.6772 13.3450 18.2896 17.4924 15.3530 10.5450 16.4601 10.0944 17.1222 17.8633 9.0393 14.7474 4.8009 13.6722 3.8285 4.8126 13.8701 6.7905 7.6329 10.5016 12.3847 7.2297 1.2117 3.0074 3.4091 
35.0122 34.2871 26.4959 28.2444 27.2509 32.2709 28.2636 29.2112 30.8400 27.9931 21.5470 29.6183 28.7845 29.9032 18.3470 19.7929 25.2672 21.7475 24.3986 21.3586 25.4363 24.7024 16.7196 23.7391 16.8183 22.2819 19.9793 21.2768 21.9152 20.6392 17.3451 17.4690 20.8160 17.5159 15.0572 13.2495 17.9427 8.0665 8.4107 14.2791 15.6581 17.4044 11.9675 14.0101 12.4367 11.3352 9.9818 11.5551 4.9083 12.0552 1.8886 9.0836 3.1833 5.5476 10.8725 -0.3419 2.6772 3.5531 1.7403 -1.4797 
30.6243 24.6374 23.7674 29.8764 30.6232 29.8039 23.4898 25.0640 25.9614 28.4838 26.2418 29.2401 21.7043 23.9336 21.0399 24.8534 23.4604 26.1510 23.7717 25.1417 19.3954 17.0833 26.6493 16.6942 21.6858 14.2844 13.3046 17.9498 12.8605 22.8183 20.3501 22.3697 21.5177 20.1846 15.6439 10.1675 16.4472 16.7560 19.3095 13.9279 12.0994 11.6054 9.1255 12.8718 14.2697 6.5536 12.2590 14.1292 6.4168 6.6018 9.1976 11.5411 2.5592 13.1549 3.7235 11.8882 6.1900 10.4037 5.1043 -0.4301 
25.2456 25.4004 31.3194 30.0714 33.6054 31.9876 32.8357 21.4671 24.0974 31.6531 31.0011 26.4496 25.2765 19.7728 19.1767 24.1868 23.3321 20.0189 21.7469 22.3331 23.6274 21.5704 25.2817 24.3789 23.8052 13.1736 16.2371 14.3237 19.1576 16.6652 20.2736 20.7141 10.5622 16.5425 8.2046 15.2521 15.3489 13.0870 8.8763 8.8442 15.3078 11.3942 5.1972 4.0266 10.6599 5.3538 13.7883 10.2165 5.8993 9.5967 8.6953 9.3448 0.0782 5.9168 5.4117 6.1257 -0.0452 1.5869 1.7487 2.3853 
29.3563 26.7933 25.5746 34.6341 25.8835 32.0768 22.9042 24.8517 22.3445 30.1753 29.7220 29.2022 21.9685 23.8650 30.3951 26.2446 23.3496 28.0351 26.4431 23.2727 23.2027 26.8402 16.1719 22.6454 16.5949 22.6252 23.8802 19.9133 22.1216 22.0799 16.5545 14.5666 21.0823 15.6462 21.3005 20.2431 18.6120 12.2266 16.7062 19.1157 19.5694 16.7574 19.6704 15.7692 18.8316 12.6974 13.1019 14.9506 15.3974 17.4867 15.6856 6.2982 5.5493 8.2999 11.3197 9.0759 12.6079 14.7806 3.3239 7.3125 
29.8248 29.4065 30.9050 25.5251 33.8473 28.7473 32.4017 21.9076 24.1203 21.5152 28.9913 21.5275 30.4824 22.8566 28.2620 29.0543 22.8082 21.0832 16.4936 21.4220 16.2944 18.2971 18.7847 15.6338 13.9449 17.9243 17.6249 19.7382 22.7834 19.6983 17.5790 14.7572 13.3087 16.4542 20.3129 13.0686 10.5817 17.1728 17.1261 16.1239 5.9742 6.4070 15.9175 13.2782 10.3235 8.9254 5.1859 13.0707 9.7212 13.2721 4.3559 8.0677 12.3258 7.3165 6.7692 9.0128 7.5820 -0.1829 0.7277 1.2553 
32.3704 28.0604 30.5322 24.6215 25.6656 31.3995 33.4776 30.8150 30.8628 28.6658 29.2909 28.0413 28.0832 27.0220 27.5586 20.6586 19.2049 18.0901 19.5322 22.2534 19.5037 22.5818 26.2295 27.1454 24.3109 17.3529 17.9614 18.6732 21.7597 25.0141 20.0145 20.6535 20.4057 14.5211 15.3026 11.8945 18.4010 13.2104 18.8869 10.9800 15.3695 18.5258 19.4039 18.8454 17.7262 13.6505 17.9100 18.0602 18.2601 12.2073 15.6100 17.1671 9.0222 15.0887 12.5120 14.1029 8.3354 9.1415 12.8766 11.4405 
29.4808 32.4439 27.3896 25.4192 22.9776 25.6202 32.2924 22.5431 22.8124 26.8368 25.5443 25.1078 23.0401 23.7360 20.4873 22.1645 23.4208 26.0410 27.1112 28.7098 18.5497 21.4688 17.3593 16.7906 25.5445 20.5015 20.9426 20.6423 22.8351 18.9265 22.6311 19.1441 15.5032 13.8901 23.8954 23.1442 15.4786 22.6993 12.0673 19.0651 19.6895 11.4961 19.3962 15.8530 15.1227 19.9602 15.1702 15.1424 9.6662 16.1378 17.8414 7.2975 9.3893 8.2190 13.8890 5.7383 13.3332 7.5250 10.2047 5.6142 
30.1105 33.9296 33.9495 31.1439 26.5827 24.1646 29.8829 24.1110 24.7000 22.4949 27.4913 27.8002 23.5011 28.8974 29.5533 19.7350 18.5279 25.7269 19.6087 22.8388 26.4012 25.8320 17.6603 24.0650 23.5854 17.0985 13.4065 19.7763 22.3377 12.8671 15.0326 15.2702 19.4859 14.5740 12.3850 16.4310 16.9610 11.8272 8.3236 9.3728 18.1886 6.7641 13.3425 14.1838 6.7406 7.4053 12.8549 4.0758 3.8804 12.9518 6.7973 4.6751 6.8373 7.9394 10.6168 8.3301 0.7100 0.2241 8.9978 6.1393 
34.9901 23.5120 31.3224 33.7057 25.8395 24.7419 25.0078 22.7542 28.1670 19.8701 20.0614 22.7921 23.3165 22.7092 23.2982 19.0198 20.6995 19.7425 25.0988 16.3289 23.3913 14.6772 17.6601 22.1534 14.8987 21.5083 11.2952 11.1076 12.6077 13.9852 13.0587 14.6756 10.7908 13.8549 10.1934 15.9551 15.1098 12.9281 6.8981 9.3100 15.5663 7.5969 12.5210 13.2364 3.5660 9.3138 5.6141 11.2366 12.4150 8.8394 0.5756 6.0938 10.1494 -1.5752 0.6568 5.9187 -2.9503 5.6735 0.1637 7.0245 
32.4196 30.0036 26.4940 27.6558 22.4996 25.7333 21.9773 25.1915 24.1323 25.9592 25.2632 24.5643 26.1198 27.4542 18.1205 25.8324 17.7175 27.9805 20.4270 20.1064 23.7642 24.6833 24.3027 14.1825 20.2610 22.1873 19.4518 22.1978 21.0627 20.6954 18.3392 21.6867 18.6978 20.5599 19.9121 9.7723 9.8160 13.6251 13.0158 12.4766 16.8982 9.8439 6.3405 14.4266 11.8497 9.3001 5.5632 10.8903 14.0913 4.2431 8.7470 5.0266 4.0443 5.4936 0.8269 7.8892 8.8615 9.3667 6.2141 8.4603 
30.1675 31.1435 24.0182 23.2907 33.7987 25.2824 24.7392 30.3701 26.1213 29.6477 27.1461 27.4274 27.6810 19.5306 24.6628 29.6143 24.8025 18.8304 27.0575 21.9436 25.5092 24.0473 25.2340 24.3079 22.3964 14.8849 21.0967 21.4341 23.7799 24.7581 22.0946 22.8741 19.6249 21.8965 14.3530 18.7625 19.5086 19.5710 18.5593 12.2162 17.0939 9.7029 13.8799 14.4369 18.3610 18.0462 14.5737 14.9211 12.1445 7.5747 12.3841 5.3775 8.1900 12.4894 9.2027 9.5867 9.2404 12.8854 9.5194 5.2695 
27.2785 27.2675 25.7670 30.5500 26.3835 33.4888 23.1674 22.7520 27.1656 22.7127 25.1088 26.7477 29.5044 26.1869 19.6636 19.3808 20.9675 20.0630 27.1739 27.0611 27.0354 28.9170 25.8320 25.6267 21.9361 21.7260 18.5811 17.9102 16.3326 23.3351 19.0988 17.1290 18.4058 16.1166 17.4014 19.2070 16.1110 18.7729 15.7000 17.0488 14.0780 13.2367 14.5454 19.5359 20.2398 10.3568 15.8273 19.9706 15.6576 9.5639 18.9331 9.1049 19.2225 10.8289 16.4595 13.5713 15.9780 14.6104 13.9215 14.1991 
30.7172 26.5057 32.4956 27.2013 25.0852 23.5999 30.7385 25.8833 23.4837 29.8056 22.6377 27.6243 27.9066 22.3467 24.6368 24.4387 16.4883 17.7759 19.8928 22.5623 25.1940 14.9252 22.6297 13.3333 20.0812 12.6184 14.4815 15.2657 13.2557 18.2831 16.4131 10.1933 15.2732 17.7654 12.3245 11.5208 12.3869 15.0145 11.9966 15.2727 6.6131 3.6352 5.5732 11.7963 6.1854 3.0462 13.0186 1.3474 4.3743 9.2096 4.8046 -1.1159 2.7038 4.7050 5.5622 7.3945 -3.7894 -1.5646 0.5269 5.2540 
29.4246 35.1143 29.7317 23.2470 31.7695 29.3782 26.5268 25.5978 25.6647 25.4169 21.4073 20.8275 27.2510 27.7420 28.5555 21.6243 19.2697 19.6961 20.4626 24.0797 26.0723 16.6932 16.3915 20.5642 22.3505 16.6373 22.0487 25.7863 18.9084 20.8701 22.3938 15.6363 12.9935 16.2217 18.9392 21.3530 14.1372 19.3202 12.6409 13.8917 13.5238 13.5661 20.0010 13.5541 11.5679 12.2903 11.4450 11.6309 7.8247 6.3038 16.0248 6.7523 7.7478 5.2930 4.7581 7.4238 10.5746 3.4675 13.2374 2.6204 
29.1069 29.9234 26.9910 34.0267 34.1943 24.5164 31.7765 25.0077 25.2014 28.5866 25.5775 22.5503 21.9280 28.4034 26.8873 21.2157 28.9452 27.4401 27.8780 18.6654 28.4578 27.1731 17.4041 26.3663 21.8856 18.1534 21.3278 16.3033 22.7750 20.8300 17.6493 14.6471 17.9563 17.0681 23.1300 17.8650 16.1532 16.4012 16.3658 14.4259 20.4702 13.7300 18.0671 16.2146 7.8572 10.3101 17.5617 9.7757 16.7119 11.1697 6.1180 8.2679 16.5896 14.3696 10.6641 5.9529 10.1393 13.5425 3.4438 4.0613 
31.3874 29.8134 29.2049 30.9179 28.9308 31.6563 29.1852 22.0846 21.5862 22.4088 30.2720 25.5803 28.4549 27.8783 24.5905 18.8299 21.2142 18.0642 19.8683 26.9298 26.4150 22.9359 24.5127 24.5236 18.2518 22.4267 24.1570 19.6982 23.3512 18.6397 13.2258 20.9605 10.7694 18.3939 18.7199 15.5166 12.8076 9.2110 11.3100 8.8679 13.7423 17.8673 13.9648 13.2912 15.9737 9.7185 14.4063 11.1480 13.2227 6.7093 3.6562 9.2155 3.5176 1.7883 11.6878 5.4281 0.2290 11.5352 5.1959 8.2856 
27.3171 26.0356 28.7766 26.4385 25.9161 25.5463 27.6862 26.2967 32.9207 31.0549 20.6260 27.9245 23.2447 23.3230 29.9206 28.3974 24.0955 27.8805 24.5356 26.2752 16.5784 20.6403 24.2340 17.4805 21.7694 26.1625 22.8858 16.2984 15.1487 20.8755 15.5825 17.6463 17.2359 17.6597 11.1148 15.3008 16.3423 16.3090 13.6346 16.2937 11.1200 15.7735 11.4885 9.7384 9.3220 13.3652 17.2137 10.7922 17.7507 6.3317 16.1810 5.6514 16.2495 5.2083 12.2788 14.5487 10.8696 14.1952 4.0538 2.3900 
34.5693 29.6041 26.5708 29.1780 32.6606 28.3769 26.3608 21.5263 22.0547 25.2920 31.7172 20.1346 23.4399 28.1619 20.1477 23.4599 25.8934 26.1640 28.5439 21.8685 25.9376 24.5905 26.3719 24.5926 20.3677 13.7195 22.5900 23.2604 20.9124 16.5861 20.1095 15.7013 20.4094 17.4785 15.2135 15.2093 14.6588 12.1976 16.7430 12.5412 9.6335 18.0138 17.7375 8.3506 9.9123 7.5900 14.6655 11.1449 14.2794 13.9323 6.9400 10.1656 14.3577 9.6510 11.6835 10.8072 10.1862 12.1438 2.3731 9.6124 
31.2754 24.3056 34.0683 25.4472 27.4222 26.7591 31.4696 25.6416 28.7843 30.4762 27.3744 32.8406 21.5120 23.3321 20.6309 24.7020 23.6842 19.7228 20.8668 24.4763 19.7264 18.1501 26.8217 23.1180 21.1069 25.2041 22.0957 17.6109 19.0399 18.4565 21.7781 16.9827 22.1023 15.6151 16.9140 17.8799 16.6925 14.1514 18.7370 17.7732 19.1724 16.8796 13.5219 19.5345 21.5190 16.0061 17.9580 11.2215 11.3615 18.7534 9.7959 19.2119 12.6303 11.1513 19.9305 13.9545 14.8293 15.2943 16.2775 19.1798 
33.7280 27.3126 28.5240 25.8777 27.7736 31.4229 24.8724 24.3725 29.0038 27.2910 21.4308 25.4698 31.1557 23.1583 19.0979 27.8193 28.2283 25.0719 17.5534 21.0338 19.2369 18.1065 24.9617 24.2712 26.3401 15.7692 19.5640 16.4447 16.9154 24.5344 21.4713 17.1549 23.2617 17.1482 17.8326 17.8876 13.5800 14.3463 20.0087 10.5373 12.4773 19.6604 19.9944 17.3596 12.6043 15.2604 16.4339 8.4233 7.2143 16.1975 9.8188 7.7587 10.1473 5.9411 4.8588 9.5371 7.9635 3.2659 3.8501 5.4911 
34.1040 27.7979 32.3920 30.2931 24.3285 23.7906 30.8649 23.5441 22.3596 28.7618 21.3985 20.0990 22.7556 29.2901 19.1851 19.5139 17.8072 21.4821 26.7232 23.7914 15.1197 19.8958 14.5621 24.4625 23.7238 16.4805 15.9085 21.0905 18.1209 17.7513 10.5880 21.9360 16.0026 17.6872 13.8726 19.6396 14.3304 10.5126 9.5587 12.9920 15.7734 9.1405 10.4531 7.4824 10.5220 4.9804 5.9746 5.5278 13.1155 3.3516 7.8333 3.3100 7.2607 10.0355 1.6282 5.1162 6.5878 6.9463 3.2911 -0.0831 
32.2096 33.9926 30.6470 30.9754 33.6320 30.5443 25.3864 22.7955 27.5945 24.6719 26.9767 27.2901 28.6277 29.6414 23.5934 26.0943 18.6928 24.1568 22.5838 16.3747 14.8516 21.6001 24.7496 23.2977 21.3288 16.7986 17.0826 21.0528 15.2549 12.2563 15.9085 15.4992 13.0897 18.9297 17.9281 18.0678 18.0551 16.8878 11.4469 7.5608 15.9126 11.6012 13.5745 6.5684 11.9399 2.7313 8.9268 8.1584 11.7121 1.1723 8.3061 -0.1178 10.7466 7.4770 6.6289 1.2522 3.9088 3.1863 -1.5929 0.7446 
33.1911 35.5345 27.0973 31.4508 24.7095 27.4461 31.4511 31.5948 29.0390 24.5260 22.2325 29.4334 28.3421 26.2630 24.6708 28.6027 20.4120 19.1889 25.1207 21.6072 22.6164 20.7004 21.5987 14.1935 24.3497 12.6326 20.0050 20.1340 16.2177 17.6510 11.0074 17.7721 13.6053 12.0051 16.6986 10.0961 10.3253 11.9331 13.3760 11.2275 8.6288 15.2256 12.0908 4.8221 13.1346 14.9183 7.0448 10.1369 2.5995 7.2710 1.2861 0.4317 7.7538 6.4466 0.2748 1.9862 8.2859 0.0820 2.2810 -1.9298 
30.9772 24.9510 30.7112 26.6005 24.2642 26.4414 26.1082 22.9864 26.9700 25.8547 26.2821 30.8381 22.0538 28.3504 27.3012 21.2964 19.5050 23.1423 22.0215 19.9822 20.1416 21.4165 26.2226 18.0611 25.2090 16.9953 23.6364 18.3242 13.9527 19.0361 19.7697 19.6279 9.8565 11.2394 15.3713 13.7625 13.3258 10.9168 17.2443 14.6843 17.7733 10.1960 5.5562 13.6933 7.2140 8.8132 11.4450 12.8481 7.9336 5.0024 7.4759 6.1362 8.1034 9.5329 5.4134 0.5289 10.4357 9.5712 3.6934 6.5981 
34.7136 25.6827 33.6973 28.7935 28.8608 29.1837 25.1854 27.2577 24.2980 31.4196 28.0662 30.7925 25.5336 18.2851 20.2208 28.3218 27.3520 18.4775 26.8226 25.6711 14.9142 14.4479 15.9609 17.2606 14.0849 15.5440 17.6515 21.6535 22.3895 19.9590 10.8564 18.8886 18.0232 19.2931 19.6038 18.6040 9.6821 13.0106 10.9612 12.6446 11.7770 6.0885 11.8836 5.0663 4.0627 5.2827 13.6245 5.5902 12.9402 11.3733 8.5384 10.9559 0.4407 10.7765 4.7152 4.6294 -1.0324 -0.0132 2.2889 -0.6925 
25.1641 24.8029 29.5516 32.0338 28.5656 25.9450 32.9917 30.6476 21.4482 30.3762 26.0083 29.4802 24.4718 26.5090 18.5302 19.1058 22.8913 25.2142 23.8968 20.1950 19.3054 23.4012 19.2099 23.4658 16.7727 20.0778 25.0109 16.8918 16.8990 23.5943 18.8610 17.8279 15.2193 18.8675 17.1333 21.6748 18.3208 13.7796 15.5285 13.3691 16.8993 13.2167 14.3181 13.4884 11.3903 15.8797 11.3660 16.4610 12.3333 14.6903 8.4279 9.2687 3.8175 11.7000 10.0499 12.3603 8.7588 4.2543 12.4269 6.2718 
24.6305 30.1956 27.9076 25.8944 23.2760 26.1622 24.5246 27.5852 22.0408 29.0644 28.4661 25.5631 30.1851 30.5390 24.6159 23.3467 24.2550 25.3261 20.9828 26.2497 26.6494 17.7266 24.8090 18.2830 25.9981 21.3170 26.8869 22.7514 19.4889 17.6993 24.5320 22.8023 18.0885 14.5450 23.4309 17.5519 18.0339 12.2901 12.7166 14.1295 20.2014 19.7348 9.9197 14.6629 16.4988 12.1354 13.7183 15.1334 12.8528 8.1457 9.2619 14.9731 7.9414 14.7936 8.3983 6.1908 9.2694 4.8219 4.8426 13.0969 
33.4170 27.9357 33.7458 34.3640 22.9147 27.5904 28.2597 27.6302 24.3420 31.7961 25.3520 21.9991 27.9076 25.6568 28.0484 19.0704 26.8686 17.1831 18.8791 21.4822 24.2447 18.6632 23.2882 24.6824 16.8947 23.7329 17.4849 18.1212 23.5218 21.1299 15.0255 15.8024 12.5825 19.9437 10.6217 9.7645 13.2522 19.0468 19.2028 10.8319 12.7362 15.8434 9.0538 10.0422 7.3030 11.0966 15.1895 13.0500 14.8977 8.6993 3.1637 4.9846 7.5852 3.2497 10.1290 10.0966 4.8662 2.4314 0.9815 7.4029 
30.6731 28.2793 24.7474 27.5423 30.0923 27.1131 30.0190 27.5623 27.6545 26.8026 26.1861 28.2573 25.2718 24.9788 28.3059 26.7864 18.7785 18.0463 17.2270 20.0003 24.9644 23.8665 17.4464 19.0443 15.1911 23.7073 20.0649 23.2888 19.1825 19.3787 17.4494 20.1268 18.8272 10.3901 13.0987 11.0317 15.9190 14.8453 8.5949 10.0859 13.9968 11.1116 11.6386 15.3707 9.4203 8.2100 6.8763 7.7346 8.6064 1.6329 5.7212 1.3804 10.1265 10.5025 8.5813 8.2751 4.6900 0.9080 7.7218 0.9815 
28.2370 25.2148 29.3787 23.3101 27.4289 22.1189 30.6925 26.1820 31.1865 25.2456 21.6425 23.5807 27.5640 29.0278 28.8273 20.3233 19.0171 17.5024 23.6449 24.8531 25.7899 15.8203 15.9372 22.5046 17.2185 21.0762 16.3288 17.7904 21.0186 12.8804 12.0343 12.2217 16.8450 21.4863 10.6549 18.8171 20.6187 20.7113 19.9809 15.9045 14.0464 8.5202 18.3202 13.5702 17.5245 6.4092 11.9998 15.0261 8.9879 15.5729 5.9291 10.1569 10.9641 9.9403 7.9376 12.1415 12.2877 4.0683 1.0799 9.6817 
35.7396 29.0285 26.5168 23.0945 26.2843 25.5625 26.4271 24.3300 27.4413 20.8124 29.1550 25.1076 27.4227 23.0963 24.6975 28.6247 18.8546 17.8104 16.6391 18.4717 25.8213 26.1718 15.8806 21.0575 14.3687 20.2499 20.2967 17.7351 13.2265 13.5329 21.2986 16.8624 19.4683 14.5470 12.1147 12.4137 15.8753 18.3861 14.7075 7.0155 11.6360 12.4594 15.9026 6.5185 12.0027 14.8836 10.1466 7.5417 9.0258 1.4987 3.3680 5.4437 7.2847 4.6596 6.8983 8.0452 8.2775 -0.8757 8.2888 -1.6620 
31.1376 24.7448 28.6682 24.8212 22.9991 30.4754 25.1584 21.7782 23.1373 22.2747 29.6210 27.4721 21.3204 25.7653 22.5151 18.7878 25.2520 28.2790 28.5729 27.5304 24.6246 15.9972 24.9298 20.4417 21.6605 16.1927 14.4528 17.6462 20.2241 23.1094 14.9542 18.2162 15.9836 16.9387 21.8254 17.5109 12.0791 14.5883 19.6714 9.8755 18.5478 12.7457 16.2494 8.6609 11.8186 14.6308 17.8635 13.2443 17.1012 12.9645 15.7822 15.1848 13.2165 12.2548 11.1286 9.2859 3.1846 11.0607 3.4123 5.4379 
27.0119 29.9452 30.6532 29.6043 26.8086 26.9231 23.2535 22.2300 20.9861 28.3881 24.8389 24.7217 19.8703 19.9859 22.5913 20.5700 27.3096 24.9336 17.0405 20.2459 17.8174 23.6925 23.8948 15.1064 16.2029 23.4176 23.6217 15.8307 19.8561 21.8596 11.0828 19.3448 15.2568 13.5007 14.7298 18.9164 9.3532 11.2256 9.0292 9.6659 14.5311 14.7110 10.7968 7.9250 16.1162 7.1383 6.3330 12.6102 5.5202 7.6750 12.0797 11.2762 11.7172 8.6303 11.9590 7.1576 9.5918 5.2362 1.9040 1.3902 
35.0966 33.1028 28.9347 27.8615 34.0126 22.4776 23.8626 22.9774 26.8128 25.5049 28.3907 29.0207 27.4627 29.3677 23.8192 26.8658 24.2003 18.0514 25.5766 25.9572 20.0510 14.7552 17.6556 15.8252 23.3505 21.5755 14.7377 15.8648 20.2434 13.2671 10.2116 10.1670 15.2671 15.5423 7.5122 17.4610 15.5546 15.5886 13.3083 10.7625 8.6655 12.0228 9.4760 8.9874 14.1481 12.1311 11.0120 6.9860 6.1393 6.8537 10.2250 6.0980 3.7061 8.1184 -1.3990 4.2119 5.9013 -1.5105 -0.9713 2.8656 
32.8419 30.5906 24.2451 27.1099 27.1874 22.5099 31.6122 24.0758 30.9183 21.6329 25.9808 27.0536 28.6944 22.3045 28.9285 23.6589 26.9835 18.9701 21.5888 26.6631 28.6976 17.5878 20.2201 23.2795 18.3831 27.4142 18.1144 24.5893 20.0076 15.4960 15.3360 19.9484 18.6463 16.7662 14.8263 20.2560 24.7090 21.0817 13.8329 18.9906 11.8434 22.6398 13.6018 18.7915 19.1882 21.5652 16.1151 12.6600 16.7483 14.1459 18.7891 19.4226 17.0956 14.2108 12.0120 14.4049 8.1031 9.7568 14.5010 11.3823 
24.3533 32.4537 30.1623 25.9671 28.9761 22.3680 31.4001 24.9880 31.0431 27.8945 31.5241 30.4338 29.0218 23.0640 25.6775 22.4059 23.5777 20.5268 22.2127 23.4436 26.9127 14.9626 21.4433 25.3975 18.9186 13.8473 21.1135 16.6370 23.4948 20.5780 20.3911 13.6966 15.1108 9.4460 12.2236 19.5250 9.4625 10.1514 8.0589 17.0121 12.1974 16.4520 12.5749 16.2184 11.0950 5.1071 4.4519 11.2855 10.5764 8.3370 9.2944 9.8496 5.1297 8.5338 7.8735 2.9726 10.8578 7.5709 6.4662 2.3122 
30.3437 27.5045 27.6812 30.4553 24.6478 28.7398 33.1153 23.4270 21.7956 30.9214 21.1858 22.1884 25.0326 26.0609 28.6734 28.3690 24.4704 28.7386 27.0018 28.0525 17.8439 27.3788 27.8012 25.5583 24.9870 26.5504 23.6938 18.0178 15.1925 25.7381 23.3975 23.9378 21.5711 14.6873 13.0533 20.2222 12.6165 11.2593 18.6379 21.1704 11.6903 17.3371 17.1382 9.5277 10.5604 14.9921 15.7427 13.2759 11.2816 10.8024 10.6332 14.1697 7.2796 9.8803 12.2622 5.7702 9.2971 11.7296 5.1297 7.3199 
27.3432 26.4136 23.7133 23.3798 31.7596 29.8503 25.9467 22.3783 22.5511 21.8173 27.4702 31.4698 22.7185 24.9992 28.1113 22.0138 19.1516 20.8470 22.5085 18.6317 26.6906 17.6091 26.1597 16.5502 24.7361 19.3900 13.3150 19.0185 14.9680 16.9505 18.2757 17.6866 21.5503 18.6756 19.9376 9.5735 17.6595 13.7809 17.5686 17.9170 8.8444 18.5550 13.9173 18.0010 16.3785 13.4829 12.8240 12.0112 10.6300 6.2655 12.1544 9.6253 6.8986 4.5259 2.9596 1.9492 12.7417 0.8499 3.8199 10.4029 
30.2747 29.1253 29.6897 25.5482 27.0979 34.1485 25.2489 26.1860 28.1955 29.1789 21.6152 29.5611 24.0293 24.0102 27.8176 19.7116 23.1028 21.0358 19.1497 21.0515 23.0602 25.2367 17.0055 22.8267 22.2329 17.0657 15.3115 26.8371 22.3735 23.9614 20.1694 20.2561 15.4312 23.1483 18.0800 18.3264 13.4074 16.0202 19.0145 14.8513 17.8805 18.7887 13.7794 21.3651 12.3036 20.9104 16.0106 8.8363 18.0663 16.9555 16.1972 17.0120 8.6236 7.0093 6.0509 16.6404 11.4795 11.1053 8.9104 6.2628 
25.2342 30.1412 33.3545 31.9949 34.1381 29.5591 30.1461 23.0317 30.9778 31.9977 29.0209 22.8874 27.2215 22.1893 24.3894 28.0310 28.1810 18.0944 23.1295 22.0669 16.1861 26.6197 16.4897 25.4254 25.6269 24.5529 20.7388 23.0557 18.4429 20.7455 18.4704 21.6823 20.6943 20.9258 11.5196 12.8914 12.1979 11.3362 17.4035 9.3796 17.8332 11.2102 15.6798 14.8530 12.8323 9.4515 13.0600 10.6872 6.4236 16.0313 5.0439 12.3613 12.4092 7.3627 2.9140 14.0501 6.3225 8.2021 12.1495 6.7479 
29.4036 34.9917 32.7926 24.6805 30.2164 30.1350 28.1863 30.7717 26.1793 26.2206 19.8351 19.6399 24.1877 28.5390 28.2560 19.1186 27.5648 25.3612 15.6888 18.3806 25.9763 25.7234 14.9163 22.1840 14.6973 21.1752 16.8884 22.5051 21.0456 22.2931 19.1168 17.2963 13.5217 13.8994 17.1284 7.5482 8.3841 15.8740 16.0611 6.1279 8.5399 9.2789 13.1356 13.6461 5.2560 10.9403 4.0342 6.8454 2.4561 8.0828 12.0496 3.0701 5.3180 0.0562 0.5000 5.6478 5.1330 3.1443 4.2075 2.0352 
33.1144 26.6914 25.7253 30.4045 29.5868 31.1791 31.1421 20.8126 21.8706 25.7320 22.9320 21.8242 25.4164 24.6159 23.1239 19.5583 27.5362 18.3102 16.5238 16.3817 24.4254 14.3574 22.2045 16.4925 17.7859 18.9130 17.9895 19.3273 12.0377 16.5380 14.6208 9.1427 10.9884 11.7740 16.7642 7.3168 6.8178 9.5445 11.1129 7.2649 8.3820 9.9611 7.5357 2.9118 5.4269 2.8748 8.8021 2.8077 11.9813 1.6481 7.0276 0.1750 1.2848 5.2247 2.7079 7.5633 7.8913 0.1753 0.0832 6.0771 
30.4612 29.1720 32.5098 29.7274 23.8344 26.0907 23.7350 23.1105 31.7255 22.9296 31.0508 23.3209 27.1882 18.2310 22.9514 21.9442 25.3884 26.8089 20.7333 16.5758 23.5578 20.7329 18.3464 24.1526 16.6486 16.2341 17.9854 11.7722 19.8727 19.6216 19.3654 14.6082 11.2647 20.6043 11.1797 18.6428 14.2458 10.8296 7.2350 10.1942 16.7308 11.4697 7.3110 10.6110 6.9238 3.4401 9.4651 4.7637 2.8381 8.8070 1.9595 2.8637 6.7277 0.3690 1.3742 -0.1670 2.1253 8.3061 4.9075 -0.4318 
30.8171 28.0794 24.6279 23.9332 28.6604 25.7043 27.5007 23.5134 30.3771 27.5951 22.9376 26.6836 25.2081 26.8342 22.9310 17.7319 17.5442 24.1674 25.6018 19.2691 14.9781 17.2233 18.9624 22.2813 17.0349 23.7888 14.8775 18.1130 10.9805 11.6610 14.3310 19.9421 11.1751 10.7139 15.6747 15.4683 16.0096 14.9722 15.1011 15.1312 15.1543 10.4921 14.7537 5.2225 5.3929 13.6057 11.7748 6.3072 3.3698 10.1068 7.7790 10.2085 1.4930 4.8222 0.0189 8.0192 -0.2789 -0.0486 5.7567 2.7180 
31.3466 28.2446 34.2753 29.8850 30.5727 32.3730 24.0311 24.0567 24.0991 23.7766 28.9931 29.8534 26.4851 29.2446 28.1447 22.5279 20.3898 20.5696 27.9208 18.7861 22.1442 20.1633 17.6157 19.5406 20.3424 22.0605 21.3582 23.9507 13.4466 12.9735 18.4063 17.3493 17.4248 11.0413 14.9124 10.1469 16.7306 9.8451 14.8402 18.2828 18.4262 10.0590 16.7595 14.1866 14.3007 14.2774 12.8234 15.5741 10.7891 10.9568 8.3612 4.1160 3.7324 3.5079 2.2879 9.7684 9.6606 2.1832 6.9330 4.6697 
35.4389 24.1039 27.3450 28.9824 34.4881 27.9524 32.5500 25.2548 29.1884 24.7660 29.2351 20.5195 19.7454 27.3064 29.2262 27.5098 21.8793 25.1986 19.4699 19.3733 19.3708 26.5191 19.2701 18.1835 24.9264 15.0816 17.4017 14.3512 22.6177 22.3426 22.6272 15.1356 16.3852 13.4787 21.9137 21.0717 18.0245 15.1782 19.7148 11.9191 18.6495 16.2416 12.7828 17.7098 17.7149 8.3717 13.7016 7.5367 9.1903 11.0980 13.7137 8.5946 11.0058 15.0312 10.0609 7.6134 13.2946 12.2918 12.4776 11.0946 
27.9193 27.0722 29.1562 29.6406 25.4011 27.7293 33.3794 31.5525 22.5289 22.0020 28.3321 22.0810 27.3716 23.1747 24.1321 19.5037 25.7138 30.2552 28.3204 29.6174 29.2198 23.3708 25.0809 19.3355 23.7811 17.9405 18.7848 22.2014 15.4729 18.5668 17.3943 15.2046 16.5523 20.4229 17.7686 18.5123 12.4932 19.4073 12.8058 21.4043 17.2232 22.4157 22.2946 17.5641 16.8903 18.9993 10.9829 17.7343 17.6279 14.0571 8.5988 10.0365 9.6711 10.6336 18.5627 12.7214 15.1715 6.3733 6.0690 9.1533 
26.2727 31.2289 29.7408 34.2078 33.3289 33.6097 31.0716 22.5296 28.5874 21.1298 23.5573 28.0780 27.5457 25.8247 18.4541 25.9026 24.4479 24.0030 23.1994 22.1578 17.7109 23.9216 20.5496 15.9133 17.6992 13.8826 17.4940 16.3595 20.6789 11.7902 18.4239 10.4925 11.0013 17.9941 11.6730 11.0144 11.4369 16.1966 16.4348 7.3309 15.0886 16.7791 14.4489 9.5511 11.3309 10.5639 5.9919 8.3691 11.4018 7.8649 2.5258 4.6316 9.3352 6.7722 3.0183 3.6747 0.4547 5.3625 6.9450 7.9011 
26.1482 30.8284 27.1216 31.7969 26.8118 24.6808 31.3791 22.0465 22.0336 24.2930 30.8750 22.4931 30.8887 19.1674 19.1992 27.6955 17.3703 27.6476 23.8424 26.4933 23.6347 23.5766 20.8837 18.7861 18.8976 18.0908 22.0207 20.6740 23.8900 12.6460 18.4484 17.7315 17.8974 14.6790 13.5982 12.6892 19.8319 12.4893 9.7446 18.9896 18.8195 16.5173 12.0243 14.1313 13.3935 15.4730 11.1404 5.0937 15.2645 14.6508 8.2993 3.1625 12.0389 4.8927 7.5517 12.3151 9.5815 5.4616 2.9842 8.9808 
30.8314 31.9645 31.0937 29.7727 31.5375 23.6594 31.4132 27.3876 27.8315 28.4347 32.4413 25.2390 22.7223 20.3257 24.5093 20.2113 19.6383 24.8458 22.2237 25.9531 27.8416 26.0366 19.9267 21.4899 25.5593 24.4278 23.8868 18.5950 24.1054 20.6542 18.7137 25.6805 21.2829 18.3744 20.2776 16.8800 23.4373 13.7654 12.4613 21.0189 20.7144 17.0994 16.3009 17.9834 10.6646 13.5196 16.6281 9.8737 14.9148 16.8165 18.8493 14.6247 15.5761 15.0189 9.1047 12.5525 8.8148 9.7404 6.2033 14.6646 
30.8222 26.5915 32.7472 31.6264 31.8526 32.2577 34.7195 25.6051 24.2148 29.8303 28.2697 30.5189 27.1390 32.9532 29.2079 27.2649 31.0025 24.6011 27.7456 29.2567 25.3745 9.3967 11.8541 18.1791 11.0580 12.5070 14.9450 19.7963 9.5652 19.1522 11.9404 16.0224 17.4410 10.9629 10.9959 8.9292 15.0328 8.9913 20.5480 17.1395 13.2231 14.9814 10.4121 19.5543 19.1923 13.2969 15.7992 11.8174 12.9246 12.8273 13.1023 13.4493 11.5398 17.9393 8.5429 13.9943 15.7654 16.0962 16.6618 8.9681 
27.2873 35.6034 32.7002 28.5708 33.8999 25.4061 27.3439 29.1690 27.3061 32.7211 27.1206 35.7668 29.1411 24.5898 29.0551 31.9386 26.3590 28.5675 27.3366 27.1529 18.5555 14.7511 12.1938 11.9485 11.4476 13.4111 21.9030 20.3020 11.1248 21.9772 16.7715 12.3719 13.8165 13.4831 18.0586 13.0608 21.7205 21.3651 15.9409 15.0158 16.9459 20.5939 14.7735 18.8327 10.8751 15.7352 11.0642 10.3863 17.4031 20.4584 20.3556 20.0717 21.1212 16.1050 10.4979 17.6448 17.5383 19.0453 13.9377 16.0668 
27.8716 27.0351 28.2645 31.3723 34.9079 24.3547 30.2067 28.6332 31.3477 29.7808 31.1270 30.1451 26.8996 28.2241 28.1624 26.4270 25.9911 24.2912 32.0388 25.9925 31.4333 26.7832 30.8351 27.1702 18.0266 10.5709 17.1420 11.8599 17.0972 13.3703 18.0387 13.4584 11.2103 11.0131 10.6385 13.8579 18.3769 15.2075 9.2699 8.2219 16.8713 13.3214 14.5134 16.5085 8.0706 16.0117 16.2155 9.7462 10.5052 10.3958 15.1428 9.0250 17.0803 11.6774 14.0122 11.6318 13.6148 15.0496 18.8822 18.4548 
29.8509 25.7777 28.8859 30.3456 25.2192 26.2419 25.7909 26.3381 24.0290 24.1634 28.4092 30.8600 28.9116 28.0824 28.0020 25.5056 30.4142 25.7292 32.8533 28.8833 28.8396 34.3192 27.1845 34.8657 28.4742 29.1341 30.4943 34.6255 33.1504 24.5082 24.5538 26.5650 29.9930 33.8554 8.1404 14.0027 7.8279 7.8588 10.0092 6.1295 12.2320 10.0110 12.1005 14.8451 11.7410 11.4403 5.8053 10.0716 5.5927 16.6720 12.9455 6.6554 15.1547 10.5637 10.2817 9.5718 9.1488 9.6578 5.5857 9.8263 
35.6754 32.2518 33.3593 31.0572 24.0617 29.0280 24.7910 27.4603 25.8592 28.4500 30.4352 27.9619 28.9479 27.2363 28.6490 29.5072 35.8707 31.6073 25.4083 30.5079 32.4538 26.5801 27.5932 34.2766 27.1449 33.9384 27.0156 12.5934 10.9097 4.9299 4.4632 5.0015 11.7723 15.0861 10.5252 13.9345 10.9001 15.1514 8.8849 14.3744 13.3638 13.3539 6.8270 14.9072 4.3640 15.2003 14.2543 8.8389 13.1549 7.6954 8.3002 15.6780 14.1644 10.8017 9.0843 5.7914 10.1422 16.0185 12.7840 12.4366 
24.8630 33.3355 28.3622 25.8464 32.2276 26.5889 27.1203 32.3693 32.7729 35.5145 32.7016 27.2492 24.0988 28.9398 31.1296 31.9485 33.2918 30.2203 29.5729 27.9076 28.9861 12.9491 11.3671 16.4028 9.6592 19.2234 21.3724 16.1197 17.8798 19.6644 19.6901 13.9949 10.3481 9.7319 20.8395 17.9249 19.5991 17.9638 12.0222 10.3022 19.7764 15.0232 10.8897 10.8728 16.3246 13.1382 9.3885 12.0490 12.9278 16.3723 16.1568 15.6805 11.0021 17.6422 18.8437 21.2442 10.5229 15.7800 18.6550 13.9670 
31.7748 33.5099 25.6154 27.6997 24.8284 33.0674 34.3104 28.6090 34.4904 35.7514 25.5625 26.6921 34.9699 30.5953 26.5448 35.8281 29.3379 24.6779 33.3226 33.9619 34.9277 16.2939 8.8783 12.9012 7.9059 6.0834 6.6239 11.3636 9.3355 11.3677 10.1111 15.2907 13.9206 10.5826 15.9774 16.3251 11.8146 11.6747 11.0107 16.2010 9.2441 15.8290 10.2763 16.1448 13.6753 9.3259 10.8492 6.7716 17.4980 7.9735 16.4496 9.9910 6.1778 16.1107 17.5480 13.8600 10.8007 8.8508 10.0284 8.3322 
31.5897 32.1460 35.1469 31.8717 31.4891 24.2890 25.4035 33.5925 33.9531 26.1912 27.6538 27.8110 34.0284 24.5872 27.6935 32.6341 32.8650 24.0940 29.5839 24.2490 34.5036 28.2715 29.7499 34.1878 32.3454 27.5664 30.5817 31.8060 9.8828 11.1993 12.8327 9.1341 16.9257 8.5803 15.2912 11.9606 7.8514 7.7173 11.2555 15.7631 9.6317 10.0286 8.1804 17.1945 17.3668 8.8565 11.8981 11.1042 15.4914 17.5996 15.9181 18.1196 16.8659 8.0941 19.3336 14.3875 10.3279 15.3144 15.0404 10.5321 
32.7497 31.8846 33.8753 31.0756 31.9044 28.2462 24.1403 35.2064 30.9280 31.9213 26.2228 27.8242 26.1369 25.6011 26.7218 34.5432 26.5716 31.3594 34.4389 26.4975 35.9666 13.5685 15.1072 18.3347 15.9283 11.1845 13.6592 9.9584 14.2798 14.5101 13.7360 12.1184 11.2767 17.2462 11.8672 12.0798 12.2755 11.6259 12.4632 11.1665 11.7578 12.8242 16.2569 18.8183 12.6674 20.4976 16.8577 10.2878 10.4266 14.0977 16.3168 19.8285 15.7032 12.4140 16.4615 17.7787 15.5350 17.2301 20.9724 20.1550 
29.5777 24.6650 32.2536 25.4307 32.6352 25.3323 26.6073 35.8399 25.2504 35.3937 34.8881 33.4438 32.9062 24.2123 29.6210 31.6455 35.9368 31.2599 29.1789 28.2381 32.6510 32.4035 31.1358 32.3609 32.1589 29.1088 34.9556 28.0262 32.9341 4.4540 12.9926 14.4706 5.5310 14.0861 12.2078 9.4133 4.6997 10.8410 7.8783 14.0424 11.1212 5.1264 13.6301 15.3806 10.1029 15.3872 8.9175 12.8163 15.7522 4.5935 10.7320 15.0508 9.4452 12.1953 16.1731 15.3516 15.5690 6.6121 13.2889 14.6796 
25.2816 34.8095 27.1148 34.1062 35.9982 31.9404 27.1500 26.4593 24.8993 24.4884 34.8054 25.2441 30.3408 30.2490 25.2783 25.1332 24.7392 28.0269 31.0433 28.0515 35.1818 24.4891 27.0288 34.1775 27.5319 24.3070 33.7280 28.9233 31.2203 24.2938 27.9924 29.4484 25.2805 6.3913 7.8818 12.1342 7.2050 10.8188 14.6206 9.9033 14.5847 15.2203 16.4839 11.9668 7.3622 10.3029 7.5124 11.3663 14.7360 9.8402 9.2827 13.3923 9.3275 16.1846 7.4118 4.9591 12.5837 12.4063 12.7394 7.2065 
24.9092 29.6467 27.2106 26.2562 26.8518 34.8227 26.9190 29.2028 24.8872 28.9512 29.1833 27.8727 25.9573 30.2009 24.9566 27.3424 26.8709 30.0786 27.7398 29.0687 35.7679 18.8752 15.1652 13.4782 21.9426 13.2659 10.6447 21.9154 14.9397 18.6644 19.5850 20.8644 10.2786 16.0674 16.6965 14.2130 13.6923 14.2952 11.7640 14.2809 13.6107 14.0110 14.6959 21.8317 18.5576 11.3421 14.1315 13.5388 12.0343 20.4197 19.6229 15.4858 10.2716 15.9408 18.8583 10.3961 17.1610 15.7325 20.2651 21.9011 
26.7376 34.9821 33.4570 29.3173 35.5590 30.0481 28.9086 25.4538 25.5262 34.6060 26.1688 29.4738 24.4913 33.4243 28.3993 33.1423 35.3559 29.0636 24.2108 27.6010 27.2627 12.4383 16.5042 19.8161 19.3042 11.2228 14.3699 19.5169 16.1700 8.8679 19.9748 8.9861 11.1659 18.4354 16.3713 14.4650 17.4230 19.7875 12.2276 14.7724 17.8291 11.4098 20.2241 13.6366 14.2737 14.5969 9.9042 20.2003 15.4345 9.3151 17.3532 16.2952 16.1249 15.7117 10.4814 19.1599 15.2119 11.7854 17.1751 17.3624 
34.0736 24.1785 28.9501 31.1336 35.5046 30.9853 33.0707 24.3272 30.3511 29.5538 31.9404 31.7957 32.3058 33.3626 32.0384 31.7340 35.6710 26.1581 31.7432 29.7418 27.4618 13.5398 9.0325 15.5661 18.9698 11.8454 18.2402 19.0267 13.6000 18.9559 17.8179 11.9255 17.2571 8.6811 10.7603 13.4652 14.1233 17.4099 11.3386 13.6213 14.1141 9.6920 16.6736 17.8201 16.6086 18.6279 8.2206 13.8960 14.8188 19.9595 18.1487 9.1093 18.6030 15.5389 12.8009 14.2602 19.3984 13.6921 13.2669 14.3825 
28.6358 35.5542 28.9894 26.8827 30.2795 35.2942 33.5495 32.7218 30.0940 32.9506 34.3556 33.5826 27.7563 33.0487 25.2184 31.8941 34.3178 25.6360 32.5698 24.8171 27.4643 12.4077 9.3142 12.1470 8.3426 7.5016 11.2227 12.9100 10.2073 14.8530 6.4789 11.3328 14.1615 5.5330 14.1417 15.0403 13.5064 5.2627 6.3614 13.7892 13.5016 8.4902 11.2223 15.3913 9.3304 15.9246 13.6750 13.5071 12.0273 12.4000 11.4213 8.0106 12.9512 8.7796 11.0310 12.1238 12.0195 12.9097 8.2908 10.5966 
34.1790 27.0398 29.3324 31.8299 25.8882 28.2443 33.8510 26.0531 31.6576 34.3626 27.1225 30.3713 33.3303 24.2152 28.8840 26.7317 27.7743 28.6641 32.5742 35.4595 14.8257 16.1066 11.6691 17.7811 17.9148 13.6146 10.0265 16.4320 9.3230 15.2855 10.7015 16.7353 15.4596 17.8777 18.0642 15.6215 9.3909 12.0668 11.5861 9.6061 10.2741 16.5601 13.4619 16.0350 9.0839 19.6345 12.8002 19.2449 11.3140 14.9928 15.9961 19.4938 12.0114 11.9761 17.5942 19.5911 13.3297 14.4956 16.8671 18.7888 
27.5947 33.8099 33.0553 29.3985 29.1936 35.8311 26.2125 29.3493 27.4515 33.0241 27.6399 31.0304 25.5056 26.7714 30.8927 30.5853 26.2834 28.2039 33.0887 35.3724 29.6177 11.7066 21.4985 17.4826 18.8039 13.4076 20.4204 13.1799 16.6494 9.6160 12.2890 18.2743 15.9509 13.6690 13.5537 12.5905 19.8005 14.1101 10.9718 16.2366 20.7130 13.2603 15.8727 18.5696 10.6685 16.6420 13.1516 18.3988 18.4407 12.7455 11.4433 13.3503 10.6384 12.7029 9.8389 10.9751 16.3196 20.8867 15.3906 19.8545 
26.4567 26.5110 35.3419 32.0608 32.2632 31.0069 35.1903 32.0153 35.7125 29.3592 30.3217 27.1948 26.4049 25.7663 34.9854 32.6980 32.1901 24.0911 34.0754 26.1857 12.0221 15.1641 17.9983 14.5431 10.6300 8.4634 16.3208 19.5046 11.6795 18.6438 15.1031 16.0615 17.2822 9.8324 12.0236 10.0773 19.1623 9.0021 9.9804 12.1595 17.8411 7.8020 12.2674 11.5165 18.3434 19.0603 11.0071 18.1793 13.3313 14.5743 18.8495 11.5231 18.7154 18.3214 19.4741 12.0544 16.2246 9.5144 19.2659 18.1352 
24.5383 24.2802 28.2814 27.1316 26.6623 32.1100 32.8100 30.4829 35.8586 25.3866 31.3007 25.4285 26.8658 30.8516 24.4781 25.6653 25.2959 30.2629 29.6570 25.2948 25.0223 35.2641 26.1089 9.5999 12.6750 16.5749 19.7601 13.3489 18.1374 7.9933 16.7511 16.3406 15.3491 9.4758 9.9433 16.6090 12.3313 8.6448 19.4568 10.8356 10.3490 9.7255 14.5746 18.9589 15.8224 17.3644 11.9145 13.7620 12.4022 19.6283 19.6441 11.5238 15.4185 12.6699 13.1164 8.2350 12.0419 19.3096 12.9985 17.4599 
34.3354 30.9375 31.9529 31.1457 24.5189 24.3933 27.6961 29.8744 26.7666 33.0887 31.3705 26.2327 26.3833 35.6614 32.6631 27.6850 29.2769 31.7612 34.6501 24.9401 33.4339 26.8485 28.7144 26.5812 34.8249 34.0258 8.8228 12.6338 12.6937 6.2791 13.6444 16.6505 18.0782 7.9753 9.2738 9.2080 12.8791 12.7293 6.9761 17.8322 13.3297 6.3257 12.1314 11.8421 16.7155 10.4253 9.4452 14.3998 15.6964 11.0276 10.6075 15.1897 9.0762 17.9085 9.8455 15.0130 13.9132 11.7426 11.6989 10.1521 
