33.7860 29.4283 27.3768 37.3424 26.0134 36.2028 31.0243 37.7853 35.7543 36.9530 32.4006 37.2576 37.5364 40.4136 33.8632 33.2537 43.2327 40.0221 34.1173 38.4532 42.5647 37.4766 37.2659 43.0438 39.4282 43.5632 45.8074 49.2652 40.0135 43.1008 40.9674 47.6898 47.2499 49.2136 43.9907 51.4391 49.9115 53.2786 45.1929 45.8125 48.8848 55.9336 50.8227 53.7613 48.7672 57.6819 58.6001 54.3536 57.2922 50.0882 55.5525 50.9293 56.8585 54.5623 53.5783 62.1838 62.8526 57.1975 63.8281 56.1269 
24.9438 31.2313 27.1868 29.4919 32.5623 27.9714 32.5903 32.2162 34.9671 40.1439 37.8224 37.3428 36.9154 32.3087 38.2306 36.7636 38.6706 33.7404 42.3095 34.9196 39.4181 39.4380 45.2791 39.3199 43.1482 36.0969 36.9049 44.5956 47.8287 42.1111 39.4279 46.5685 40.8066 44.6580 45.1153 44.5902 41.4234 47.8347 53.8572 44.5647 45.3238 54.7247 44.2337 44.9766 55.8376 52.9711 54.4026 54.4372 56.9123 55.3656 49.8034 50.8750 52.8169 60.4592 54.8577 51.2098 53.1535 56.9139 57.1934 57.2379 
24.3085 25.0208 28.8281 36.8007 35.2880 31.4105 36.0205 31.5055 28.0319 32.3991 40.0655 30.9085 40.8476 39.5119 42.1863 38.2533 37.2412 31.9399 32.4066 41.9704 38.0374 43.0109 38.4823 38.8465 35.3263 46.8235 40.3321 39.5425 43.5947 47.0212 48.1591 40.2924 47.7524 41.6874 46.8247 46.8959 46.9777 49.7472 44.4974 50.5990 50.3566 53.3457 48.4711 54.0131 54.7846 53.6267 49.7506 46.6692 53.6246 58.2838 55.8840 52.4166 58.4628 53.9063 61.1162 52.0021 50.0944 58.2543 53.5134 59.4715 
32.1313 31.7108 35.7934 27.4192 27.6166 33.0543 36.0639 36.9642 29.0582 30.3856 38.7646 32.3132 32.5084 38.5142 32.6819 37.7119 35.5316 40.3590 39.9454 44.0302 44.1600 39.7779 37.2605 42.0012 40.8648 38.8355 43.6566 37.2466 43.2638 43.6746 38.1951 45.9606 40.3611 40.7058 50.9592 52.0710 44.3501 47.2705 42.6430 45.0867 44.7594 46.1389 48.4207 47.2484 54.8486 52.3914 57.0172 56.6627 49.0710 49.8410 52.5337 55.6982 53.6990 57.5873 50.9336 59.4544 57.0699 51.8196 53.3589 52.7609 
35.3004 32.6963 26.8720 36.7859 29.2162 33.5323 38.1741 34.5968 27.9764 33.2321 31.1204 37.3244 39.4750 40.4809 32.9652 37.9257 35.1615 43.2849 41.7152 41.9863 41.5770 42.7111 34.7162 37.4503 40.1352 36.1661 44.3839 39.6744 38.0268 40.8414 41.2418 40.7139 41.3721 49.4019 44.2929 46.7141 40.8134 44.6404 42.4611 44.3513 53.5290 49.4089 50.8622 44.1022 55.0994 49.7588 54.1002 53.3115 49.7717 56.3847 52.0572 54.6418 52.3832 58.0834 56.6337 59.4725 50.0009 60.1209 50.3453 59.1334 
29.7404 25.5891 27.5920 26.8033 26.7920 37.2971 31.5954 35.2787 35.9409 31.3922 34.2783 36.0939 35.6310 40.2588 41.3602 34.3746 33.8735 35.8735 34.5659 37.0087 39.5055 41.5999 40.8516 38.9976 38.4571 36.4361 42.1236 43.1119 38.5681 38.6533 44.7001 45.5389 47.9692 39.8013 44.1650 46.5594 38.5372 43.6417 48.4366 43.0117 48.2249 49.4614 51.1301 49.5438 52.6234 41.7961 45.8359 45.2485 48.3497 54.6330 45.5936 49.1116 50.8138 47.2456 53.7837 52.4052 51.8714 56.8128 46.9879 47.5532 
35.4319 30.6099 26.0883 25.6740 29.1478 35.0537 31.8181 36.4696 30.9723 30.3527 34.8603 39.2753 39.1151 40.4708 33.8821 36.9924 42.1518 41.6630 39.5367 41.0283 38.2065 44.8035 45.5761 45.1501 42.6915 43.5896 41.3492 43.6428 47.3762 48.5968 43.5016 39.9949 43.9638 48.1265 46.4773 46.4871 50.8937 43.6249 50.1272 44.9824 51.9837 48.7440 51.9964 53.6838 50.3512 55.4301 54.3016 53.5631 49.9712 48.6374 57.3912 51.5953 60.0089 61.0191 53.6074 58.5608 54.6142 60.3993 53.5110 53.9953 
32.7090 28.7450 35.3284 27.4425 36.0992 37.8613 33.6601 27.1943 39.3149 34.1156 32.8904 33.9001 38.2144 37.6729 39.5599 37.4166 40.8161 37.5745 41.2362 36.4806 40.2425 44.3288 42.7833 33.6838 43.3430 35.6312 38.1692 43.3472 36.5395 42.2801 43.0206 37.4662 41.1937 37.7288 42.4114 49.7104 43.7782 46.7966 51.2915 49.7821 49.4091 52.7540 45.7759 48.7781 44.0272 46.1036 46.9359 47.8623 53.6182 46.9670 55.1426 50.2290 49.6607 47.3067 56.4414 49.4964 57.6536 53.8531 51.7051 58.0728 
33.0997 34.4534 34.5409 28.9516 28.2286 26.7665 29.7734 37.5556 34.0190 39.1789 34.4515 33.0815 33.6427 36.7040 30.9086 33.3063 37.3242 32.6466 33.8072 41.0878 34.3329 35.5845 46.1385 39.4905 45.2126 44.5994 38.9370 48.1308 38.4727 41.9919 46.8334 48.5984 47.5435 47.0321 44.4088 50.0604 47.6556 47.6186 44.4250 42.7411 48.7739 53.8860 46.8010 50.2295 48.4831 54.5412 50.7807 52.3561 48.2603 47.7694 47.9476 49.7673 53.7859 59.8488 52.1168 53.9743 58.1713 58.5956 59.6823 57.4005 
31.2383 27.9815 27.3265 34.0107 28.4496 33.1527 29.8152 32.0028 32.7252 30.3241 30.6407 34.1364 32.0059 29.5904 35.6453 40.8474 37.2825 39.3034 34.1874 34.8056 37.7306 33.7034 43.5982 41.5801 42.8284 44.6675 46.0205 43.8664 46.3765 42.5259 40.6205 42.9496 42.1524 47.0347 43.0839 49.6873 46.4486 49.2271 50.8227 45.9976 52.6704 52.8663 46.4665 48.0867 53.7328 44.8517 46.0310 47.6777 45.4010 46.8730 47.7445 46.7068 50.0508 57.6604 56.3863 58.0125 49.9253 50.1608 51.1472 58.8556 
27.4680 29.3275 34.4570 37.3704 26.9016 36.2244 35.8864 33.6723 39.5308 31.5348 29.0574 36.7721 33.4310 30.2875 36.6458 34.0652 42.5886 32.2460 36.9720 43.4529 40.4034 41.9140 43.8608 43.7245 35.7325 46.6414 47.4899 45.2218 48.9059 41.9418 42.2175 43.9613 40.2952 42.7345 48.5096 41.5804 50.5150 49.2968 42.1087 42.7501 47.2514 51.0317 46.5141 55.9922 50.6571 48.8741 49.2232 57.6687 56.3730 47.0701 57.9716 53.3908 51.3581 55.3250 53.6860 52.2059 50.7064 52.0522 60.1198 51.7195 
28.0805 35.0183 34.4413 33.2845 36.9856 35.0186 28.7189 35.1502 28.5626 32.7264 32.1369 39.2832 31.4445 29.8179 35.6533 30.7001 42.4316 41.9618 40.2365 37.0526 37.3044 43.8184 36.8555 33.7351 34.3978 44.5495 40.1718 36.8417 39.8436 37.0005 43.9442 45.9223 46.3246 39.0381 48.9408 45.9883 46.6158 42.4033 43.3980 43.5712 41.2212 51.4633 50.7177 45.4616 49.5178 51.2913 52.2556 51.1949 55.5835 51.3519 56.3103 52.1437 54.5438 56.2597 48.9725 48.1149 58.4278 49.7246 49.8126 50.2502 
34.3446 30.8316 31.7282 33.2087 28.9381 37.8676 31.4129 34.4926 34.8031 37.4833 28.7040 37.5792 36.7300 40.3650 42.2197 33.1297 37.5013 35.6559 33.8402 40.7250 40.0958 39.8317 40.3500 34.3198 44.2052 42.4706 36.8043 46.8042 46.9128 47.8417 41.8952 41.9192 43.3920 44.2236 43.0351 50.2648 41.5461 51.7451 46.8709 49.3458 50.3445 44.5610 49.5355 48.2993 43.7445 54.5763 51.8638 49.7764 52.4852 47.9833 58.2694 48.7905 48.7111 50.2804 52.1461 53.8708 52.4796 50.8666 54.9610 61.7070 
28.0361 28.2934 30.4948 28.3946 36.8872 37.7666 33.5699 30.6985 33.6189 37.5480 32.7712 31.0345 29.2692 36.3417 38.9863 36.1579 35.7256 40.3936 34.0946 32.3979 39.3889 43.7628 37.7561 33.4727 39.7216 40.5221 36.2185 36.8600 37.2476 44.2188 45.7702 45.5245 42.0663 45.7828 47.9846 41.0704 47.6080 39.6161 45.3248 41.0513 40.7009 49.0481 46.4484 42.2738 52.8364 52.2561 49.2826 55.0288 46.9417 52.7052 47.8104 54.1507 53.6787 50.8037 46.4050 51.8390 50.7424 52.5322 47.4843 57.9786 
27.5606 31.8836 36.1555 35.1986 28.7735 33.6180 33.3357 30.8500 38.7700 30.6200 29.8724 31.2151 31.1634 40.0553 33.8983 31.5504 39.4361 42.0960 37.5231 35.0382 37.2912 39.5394 38.0233 38.8558 36.0930 43.7514 39.4066 43.0201 41.7900 48.9718 40.7436 50.7942 49.1814 51.0195 47.7454 47.4958 52.8485 52.1046 53.8093 46.8279 48.0460 47.6176 51.0787 47.1712 49.0151 56.9343 53.8417 47.1264 49.8759 49.7104 50.4100 59.0133 51.8200 58.3331 58.3401 53.0123 57.7080 51.2417 54.7396 59.4515 
33.2679 35.6759 31.9187 36.8708 25.7097 30.7051 30.0347 31.0635 34.3690 28.0166 37.3368 32.7019 39.3954 30.1284 30.8608 30.5653 32.0109 40.2790 40.0966 41.1749 38.7573 33.3006 43.3501 42.1663 46.1240 44.8672 38.4234 44.5344 38.0040 42.5775 45.8165 42.4144 39.5671 42.5135 49.3465 42.3166 43.0850 50.4989 41.5118 42.8479 46.2103 51.0431 46.1350 46.5097 54.1818 44.3463 44.9469 46.7979 47.8336 53.5286 53.6708 48.1337 57.6695 54.3242 57.6834 49.8125 57.0884 50.2307 52.7945 51.5064 
25.2996 32.4257 29.9739 29.5859 28.4874 32.0918 29.0345 38.3077 37.6201 33.6896 31.0616 36.2899 35.2317 35.9920 38.1661 39.9547 42.1681 36.8671 37.9730 40.4651 36.3194 37.9261 45.3243 36.5428 42.1875 42.0522 45.0213 39.2907 39.6985 39.6693 40.5306 47.9016 44.6063 45.8029 46.5970 49.2647 44.9915 51.4235 50.1946 52.3805 49.9335 47.3933 54.5131 54.1729 55.2020 56.7052 49.9225 55.8992 49.6717 56.5697 50.6723 50.8216 59.8385 50.9372 53.3071 54.2011 55.3187 54.6774 55.5511 60.1798 
27.5819 33.8660 26.7210 32.5494 35.3615 29.4984 37.4284 32.3332 30.3468 27.7810 33.4515 29.0639 40.8149 40.7373 31.0856 39.3608 30.9691 31.2973 39.4576 35.2628 32.2871 44.1897 42.3635 42.3300 43.2557 44.9701 37.4803 41.5692 36.3006 39.1160 41.5657 45.5815 43.7046 38.3864 48.4897 39.4586 47.6387 49.2959 41.2541 48.5147 43.1884 47.9795 44.8301 47.4542 47.6326 44.1094 44.2159 45.2613 51.8392 53.7388 55.3710 48.3743 48.0136 47.6338 53.0980 55.9406 57.4766 55.9665 55.5617 54.4343 
35.5395 27.5611 32.5073 28.7320 35.7240 36.8882 35.2689 33.6335 36.0194 29.6744 29.8632 38.2411 32.2402 34.8854 30.5725 39.1028 42.9036 38.6686 44.1091 42.4101 36.6335 35.1813 44.9748 43.1583 38.2964 46.6101 43.2542 39.8671 44.2316 42.0629 46.6713 41.6137 44.7675 39.9843 49.6518 42.1904 49.1119 47.0229 43.7471 50.4967 49.8179 45.8069 49.7979 55.7195 50.5418 45.5382 45.8685 52.5094 46.1610 46.8765 56.0487 52.8345 54.9043 55.3554 57.5636 53.2945 55.4608 54.9601 55.5257 53.0383 
35.9394 26.7841 26.7745 35.1025 36.9021 34.5345 32.8467 37.0652 34.1574 37.8901 38.8642 29.6483 31.4035 31.3325 38.6378 33.4683 38.8535 38.7759 43.4413 36.4038 33.7956 34.8480 42.9101 34.1830 44.8892 36.4434 44.7439 39.1301 43.2065 40.0347 47.6874 48.4140 38.9848 39.7573 48.9388 41.3721 43.0314 42.4180 48.7664 45.3860 51.0928 49.7167 45.1782 51.0892 47.0430 44.1584 53.6259 45.0123 50.8502 57.2459 48.3275 48.7387 50.7425 55.6025 52.7083 59.6582 50.0927 60.5389 58.9638 59.1454 
31.3418 33.0911 26.0290 29.4065 28.7909 32.1861 29.9918 29.4901 32.3117 38.2447 37.1723 33.7049 36.6105 31.4095 39.8866 32.2281 31.3955 35.4862 42.0714 33.8690 42.7024 37.5916 37.1149 43.8249 44.6980 43.6686 35.3524 36.8560 41.6624 44.6191 46.8326 40.5648 48.2785 46.8590 39.2931 40.3689 39.2976 38.3129 41.6813 49.4790 41.9340 43.6437 52.1649 43.4355 44.9660 43.4793 53.3302 42.3546 54.3248 43.7913 46.2123 52.4699 53.3845 46.1186 44.8589 53.8531 53.3348 48.3702 51.3680 58.7586 
28.7841 25.6765 29.2405 26.6022 37.3494 35.2877 26.7650 36.7532 39.4429 35.1656 31.5123 34.3838 41.4929 34.0433 35.5032 42.9234 40.9299 35.0314 37.1912 37.6394 37.6189 38.9150 39.0903 38.4908 39.5857 40.5193 42.1382 44.3181 39.3392 41.0778 40.1720 38.8795 39.3839 45.3962 47.9929 40.5275 43.0692 42.6827 46.0660 53.0173 53.2598 48.1299 43.7914 45.6655 55.1494 47.6925 48.1281 48.9755 49.7611 55.5097 55.2771 48.7326 54.2903 54.2188 56.7697 53.4752 51.6139 51.6706 57.3300 54.4412 
32.3660 31.6288 32.1317 32.9739 36.4377 33.8299 29.9780 34.2071 30.8773 31.3116 31.9019 37.2800 38.1222 30.5393 31.8152 38.5818 32.3473 32.4474 33.9234 34.5508 39.1919 41.6081 38.7608 34.9897 37.1506 44.6784 37.1451 40.5861 38.5475 39.7364 44.0172 45.1852 36.0974 47.6768 41.6792 45.1290 48.5803 42.8849 44.8898 44.0211 47.8962 47.2207 49.0390 47.2607 49.1569 47.7646 49.7900 46.7338 49.8227 42.5280 51.8427 50.1816 51.4025 43.0433 50.6438 47.3214 54.2903 49.2390 49.0919 51.4834 
32.4475 35.3535 27.1338 33.0984 36.3429 29.6131 31.7464 32.1358 30.0858 38.2735 31.1720 35.3471 38.3254 40.0857 33.3459 35.9474 36.3706 33.6872 34.0182 41.6147 34.4467 39.0309 44.0532 42.2308 37.6025 38.6732 44.4589 37.9971 41.0815 41.2954 44.0038 48.5821 46.4939 46.7284 47.2683 42.0147 42.0039 46.7228 47.8180 52.9277 52.2037 45.2987 46.8771 43.8099 44.4604 52.4182 55.7634 55.6387 50.0913 46.8493 46.3585 57.1450 58.5384 54.4914 48.5379 51.1196 54.9242 49.2409 58.0073 51.5771 
24.8314 35.3207 30.5598 35.0209 31.3689 34.8789 28.2220 30.4460 33.8693 37.1538 34.2594 34.2694 34.3202 38.1863 36.4906 40.9002 37.5142 41.4894 36.8867 36.9827 39.6697 39.5416 36.3939 42.4090 39.2605 36.9512 39.1502 45.0313 41.8527 43.4649 38.8585 49.0556 48.7964 43.2169 40.3490 41.9502 49.7004 48.8911 42.9907 51.7229 44.6368 42.6267 51.0188 51.2693 43.8083 44.7036 49.4735 50.1026 46.5557 51.6759 46.9124 57.9724 55.7373 48.8883 51.3991 56.1264 57.1598 55.6344 56.8530 57.8019 
25.8559 25.9505 30.6158 35.7303 26.2724 36.4934 34.3395 29.7476 30.3834 34.9669 36.9926 30.8944 36.3232 33.8854 34.4324 41.6407 36.4763 38.6604 32.6411 43.5741 33.3227 37.6762 36.8821 43.4735 41.1055 34.8839 45.6726 44.7585 46.6322 36.5412 37.9177 39.4613 40.8852 42.1134 43.8300 49.6678 46.6172 47.2302 47.3134 48.8387 49.0419 48.5456 51.1028 44.6638 43.5935 46.3658 52.3344 45.5532 47.7031 46.9251 55.2726 48.0253 49.8928 48.1392 49.3732 55.8923 56.0081 58.8477 55.3376 51.8991 
34.6615 34.9492 28.4088 31.4279 36.4040 34.2489 38.0238 31.8767 39.1526 33.4014 38.3348 32.6886 29.0735 40.4484 39.4207 39.4033 32.6319 33.2505 38.2078 35.0671 40.8345 43.8701 37.5776 44.7419 39.8195 44.2385 35.8884 36.0862 39.8709 41.1134 38.4197 42.9488 37.0525 48.2823 39.9848 38.5466 40.2026 43.1853 42.2513 41.4315 49.3478 45.2083 42.9791 53.0173 46.0803 49.7901 48.6905 45.1426 50.4242 51.8609 47.9711 53.6992 52.0322 49.1879 57.0922 55.3113 50.7422 54.5795 54.8136 56.1233 
32.9282 31.5034 32.8783 28.5386 28.2378 34.1956 29.0700 38.1844 37.3773 28.6012 35.1193 38.0678 31.7928 32.6312 38.0998 34.7982 34.0113 38.1462 34.5159 32.3592 33.5472 42.1328 34.5395 38.9473 40.0813 39.0803 38.2585 37.4565 41.1526 47.1276 42.9667 43.3178 46.7392 42.0113 38.2627 42.5012 48.1238 39.8544 47.9821 41.6964 49.3588 46.3903 43.3670 47.5357 46.8619 53.4990 51.2274 50.4512 43.2548 53.3438 52.8694 46.6271 55.2094 46.4240 45.6738 53.3007 57.0122 49.9293 55.6344 54.6154 
34.1305 34.9165 35.4584 30.5936 33.2242 36.7435 36.0272 27.5538 34.8605 31.4250 28.3791 30.2044 39.0836 34.9599 30.4466 33.6361 40.2965 34.8586 41.1845 42.2147 39.7685 38.3655 35.7860 37.2951 41.7111 37.6010 41.6813 39.5348 42.3265 43.9161 42.9883 36.0432 39.2812 36.9139 44.7117 41.9882 46.9370 40.5902 44.3657 42.8357 48.5252 51.7184 49.7782 50.7383 51.0962 44.9697 47.1871 45.3171 54.0993 44.6131 46.3550 44.3880 49.2884 54.0977 46.6462 50.8052 55.3442 49.9628 50.7870 48.7811 
32.8897 26.3510 31.5880 32.8865 31.6725 33.9989 34.2384 37.5350 34.2443 39.9793 35.7313 31.4220 41.4850 36.9580 42.0701 38.5162 42.0614 39.6686 36.7680 43.1852 43.5095 41.3018 34.9721 45.9153 44.9628 36.6608 45.5809 46.1046 48.1644 38.7611 40.9986 50.0712 40.9565 45.6297 40.1920 52.0132 49.8940 52.4411 43.7098 49.9614 51.7704 53.7075 46.6566 44.4595 45.2656 46.4371 48.7771 45.9158 48.4452 51.1755 59.0165 50.3913 58.5854 53.5406 49.8108 57.9029 52.9125 51.6320 51.0030 56.9091 
26.1416 26.6056 29.7337 29.1871 28.5240 32.1387 27.4205 33.4699 28.0304 36.1894 37.6978 30.0730 37.3830 35.6158 31.1017 37.5476 35.9743 41.2459 37.8808 35.6604 35.4171 39.1658 43.0266 41.1455 40.2959 37.7648 45.1828 40.7800 39.8738 45.9937 45.1658 39.3584 40.1499 38.8574 48.7053 40.9454 43.3898 44.3939 41.6612 40.4922 44.6977 47.1674 46.3953 48.7574 49.0084 47.0924 49.0936 47.1188 45.7066 52.8474 51.1066 51.6480 52.5541 47.8630 46.1427 50.6722 57.8287 57.1102 56.0517 55.3586 
27.7978 27.0803 27.6254 34.1524 37.2533 32.0110 32.8550 31.9664 35.4147 38.7029 33.2754 29.6206 33.0645 39.7505 30.4280 30.3730 38.9070 31.8193 32.1602 35.1987 42.6438 37.8440 35.6661 41.0283 45.8261 46.0554 43.4515 36.4730 40.0883 46.7024 38.8987 46.5495 42.9372 40.5038 46.6515 43.2798 42.5642 43.2656 48.0605 50.4424 46.0909 44.9339 45.3765 42.7484 46.6153 43.7765 44.9293 51.9557 55.3343 53.8005 48.4153 56.1285 50.2097 49.6781 51.1673 52.5183 59.6576 60.1310 52.2899 58.7420 
33.1680 27.9691 33.0336 34.0712 26.7101 34.8409 34.4721 27.3897 36.3332 35.0426 30.8532 40.7698 37.6618 41.7044 36.4214 33.0097 35.3877 42.5218 40.6698 39.5165 37.9862 34.9865 36.5118 35.1360 37.5393 46.3161 46.2263 44.3467 41.6548 45.2067 38.7461 47.9425 42.0540 43.5984 47.0254 47.5860 51.0535 42.8787 42.1338 41.9191 42.3710 50.5264 53.3002 46.9743 47.8188 50.2397 54.4644 46.9538 53.7865 55.2879 46.3889 56.2394 57.3710 55.9383 59.4509 58.3704 58.4150 50.8586 60.9459 50.9952 
30.4792 30.4352 31.5963 32.7109 35.9722 36.7643 27.1498 35.6619 36.1482 32.7936 31.9509 40.0995 39.3115 37.0013 34.8740 36.7267 38.9297 33.8800 37.3455 42.2336 36.3361 39.6928 44.0977 44.3103 44.7525 43.7823 42.1937 42.0083 35.8919 37.8995 40.9005 47.9548 37.0961 39.1584 46.4378 45.2822 39.4416 42.3236 44.1770 42.5366 45.1002 47.7023 42.8136 50.9578 46.7506 52.2104 48.5290 43.1706 50.7309 53.6195 47.7301 54.6026 45.0299 51.8239 46.8738 53.4797 47.8668 49.0004 55.4418 53.5716 
27.3531 25.5213 29.1200 34.5937 33.4589 26.9223 28.3451 29.7111 34.7305 34.1569 34.9419 39.7711 38.3076 31.8313 34.9118 40.6418 32.1971 38.3494 43.8125 44.0819 40.4706 38.0950 40.9772 43.8943 39.6341 41.2979 38.0960 40.3157 37.3713 41.8329 44.8793 48.2631 43.2993 46.2976 49.5063 49.1955 52.4339 52.9160 53.3404 44.9075 47.7658 45.3171 48.9767 52.6804 46.3855 48.1954 53.3144 55.7163 51.1509 57.2121 48.6114 49.0993 52.6767 58.6024 51.5154 50.8168 51.9316 59.1478 54.7289 61.6590 
31.8141 36.1164 31.3216 37.0700 28.4594 37.8327 36.5029 33.6382 28.5041 37.2880 35.5606 30.5120 35.5745 34.3248 38.9172 32.7633 39.7515 36.8038 34.5340 35.8574 38.2160 36.2665 32.3522 38.2233 41.1622 39.8328 36.2829 42.5656 39.2841 36.8828 43.3840 35.7653 47.5262 37.7732 43.5334 39.4991 44.9776 39.0599 47.0450 40.9271 45.9330 40.4512 41.3325 52.0083 49.7983 52.1947 48.4682 46.6269 44.7012 49.6553 52.3742 48.1589 53.1435 54.4522 51.7263 56.4902 45.5992 46.2136 55.4451 51.0244 
26.7879 31.3263 27.5762 35.6242 32.7437 33.4589 26.4667 34.1312 32.9304 32.1878 39.4117 33.4704 38.8846 34.3226 36.0448 40.2329 37.6777 40.0624 41.2775 41.5488 32.7443 42.3536 36.4384 38.4426 35.5618 41.3182 43.8472 46.3142 35.6398 39.5253 40.2218 43.3542 42.4504 38.0364 48.2579 46.2792 46.2505 47.1436 39.7407 41.5004 39.5647 47.4922 47.6647 47.3625 42.5456 47.8669 48.5242 47.6190 45.3487 42.9794 48.3437 47.7028 51.3992 53.6267 53.9502 54.1220 50.4622 52.5641 50.1863 48.0509 
31.2280 26.2065 30.9115 33.2714 31.5640 35.6257 28.5426 27.6846 31.7055 28.3834 32.0022 39.6861 33.6738 34.2638 30.9116 37.9742 35.9135 37.4674 43.8132 35.4338 40.9041 45.5331 45.2770 38.5857 39.8546 46.5066 47.7635 38.1385 42.5486 47.2624 48.3290 44.0324 45.9146 42.9399 49.6210 42.0098 45.4942 50.2370 45.7366 43.5573 43.5421 54.5188 50.0327 46.0956 49.6369 51.6186 55.4625 51.1941 51.6004 46.3226 52.6551 53.9512 48.8702 56.0503 56.4809 55.0496 53.9247 53.9208 61.7568 56.7657 
25.4755 28.6180 30.6357 31.7309 32.6194 30.4798 37.9551 34.1946 37.9452 29.9011 36.0459 30.1416 31.9371 39.0302 31.6419 32.2799 40.1900 36.6010 36.3015 36.3028 38.6620 43.1816 40.7122 39.3214 38.2596 37.3858 44.9489 34.8175 35.2972 45.8340 36.7713 43.1592 47.8099 47.7542 44.6834 38.1621 42.5564 39.0434 49.5285 45.3365 44.8931 41.0779 49.8182 43.6792 43.8274 50.1309 52.5302 42.9092 44.5927 49.6146 43.9101 52.2392 49.5204 44.9036 48.9432 47.8582 54.8202 50.4295 57.2677 52.3038 
28.2043 30.5533 35.0831 36.9632 36.1705 35.9897 29.6103 38.3947 37.4854 38.1906 33.0931 33.6390 36.3086 36.2005 31.8807 34.9836 39.6592 39.7531 42.7715 40.5471 33.9892 44.8007 37.5160 45.6821 42.7145 42.9093 42.4770 46.3234 39.4728 42.3377 46.8228 39.1562 39.3591 48.5248 44.5124 41.5565 46.6343 41.9701 48.0125 51.9475 48.8065 45.6336 50.0482 45.7204 48.4274 55.1062 48.0823 47.6958 45.7531 56.0442 47.6652 51.3803 47.8372 58.5492 51.0508 54.6252 53.3052 60.1222 55.5164 54.1351 
34.5120 29.3786 28.4176 29.6349 34.8758 37.0063 32.0426 30.1627 35.3908 36.7991 38.0707 36.0216 38.3222 34.6606 32.8160 34.0792 35.0552 38.0116 43.2581 42.3469 41.7182 34.6701 39.4627 43.2277 42.2226 44.8904 38.6748 45.7691 37.6568 46.8945 47.4574 44.1550 45.9697 39.4868 49.8244 42.7770 46.3063 42.0869 50.7676 47.4875 48.8712 43.0782 46.1992 48.9801 44.0108 45.7621 49.0420 54.3233 47.4926 54.3581 54.5156 48.2031 55.8412 53.0712 50.2935 48.1937 56.5035 49.2957 50.8383 51.3814 
25.9360 27.8769 31.0652 32.1247 25.7283 38.0343 32.5144 28.1677 37.7284 34.8157 37.8175 33.1018 34.2708 31.1627 31.7993 39.5554 33.7153 37.4093 33.8995 36.4312 42.0032 39.5672 44.4895 45.1121 41.8079 39.3991 46.4899 37.8993 46.1963 45.3471 46.1184 39.8820 47.2155 41.7716 46.3520 47.6125 44.7813 42.1602 45.2296 41.7132 46.4534 49.2000 48.8457 51.6885 42.9752 51.4401 46.7608 44.6765 54.7223 47.9028 47.9808 53.6677 49.3816 49.8679 53.0302 52.2044 54.6278 51.1930 60.2715 51.2461 
34.8051 27.8044 28.9207 34.0835 32.1853 30.1462 26.5312 26.9892 25.1134 24.9548 34.5814 32.9546 26.6010 30.2398 26.4512 31.5618 31.7237 24.6581 24.1076 28.9505 48.4057 50.3733 50.9208 45.6215 55.4924 52.8374 55.5783 46.6670 46.3412 53.4238 52.5608 52.3695 48.6110 44.7229 47.9838 50.6186 49.8504 47.9926 44.4001 45.3486 45.5928 48.6033 55.4828 44.0755 54.1917 55.3076 50.0421 52.8785 49.1424 46.0732 55.8739 49.1277 54.4373 50.5275 46.2884 52.6626 52.8689 47.5138 44.3847 49.1167 
27.1019 25.8456 31.3510 32.4152 34.4551 25.2298 30.4671 26.9304 28.0585 26.1332 30.2758 32.5676 30.2963 27.4276 34.6391 30.2949 30.3474 30.6757 29.2869 25.4924 53.2196 49.2988 44.2319 52.8997 55.1133 52.2784 54.7406 43.3359 53.7590 50.9887 48.2743 52.5905 47.5204 43.8823 54.8607 52.7958 47.6683 51.7011 47.1601 51.4066 44.9572 44.7713 51.7761 53.5762 51.8065 52.6085 50.5800 52.8502 47.4913 47.0786 43.9374 53.5663 44.8095 50.7309 52.1032 50.1258 45.4746 49.5265 53.6522 50.7570 
35.0041 28.2296 32.4391 33.6942 25.4755 30.1109 25.9900 33.4812 30.3878 33.4129 25.8247 29.7841 27.1001 34.9215 32.3785 30.8699 28.2777 34.6505 33.8639 29.1194 35.3056 26.6888 35.2362 49.2830 44.5187 53.2986 46.9001 50.2165 46.3247 50.2573 48.4505 45.5605 44.2532 44.4471 53.7525 54.2196 52.2454 52.8293 46.1473 53.5762 49.0862 51.2763 54.4976 45.4878 46.6482 54.1167 48.4215 53.2079 52.4973 53.3478 49.9584 46.6060 55.0814 46.5226 51.4136 51.7563 45.4177 51.4052 45.0953 45.1830 
24.4150 34.8998 29.5770 32.9036 26.0351 27.4298 32.2944 34.0280 35.9394 27.1004 26.2863 34.1448 25.4997 27.4133 25.4116 26.6333 24.0356 26.3653 24.5009 30.4612 30.4403 53.8476 44.7549 51.5139 52.2461 54.5152 54.4469 52.2425 54.7745 51.2381 44.1383 44.9014 54.4623 49.2617 51.9663 48.2732 46.6255 46.0291 45.1830 47.2079 49.8813 48.1392 51.2837 51.9902 49.8798 55.1439 51.6883 51.7831 44.2132 52.6754 51.9983 52.0453 51.9990 51.3777 50.9333 54.9089 53.9229 45.6751 45.2032 52.0813 
