28.7812 34.4632 31.3381 31.2834 28.9207 33.7596 25.3969 27.7849 35.2479 27.1159 32.8717 29.2171 36.0253 32.3370 34.5249 32.8717 34.1173 26.5235 27.6623 26.3693 25.7744 29.2700 30.7326 29.5054 33.0292 25.0400 28.9167 24.3437 26.1203 34.9424 25.0293 26.6311 35.6541 28.4353 29.1495 28.1584 26.1927 33.3182 30.9772 27.0443 35.5344 26.2353 28.9964 32.0036 31.0558 34.2553 28.0721 28.9402 35.4973 29.7470 31.4333 24.5556 33.7431 25.0466 34.9318 34.9879 32.4721 33.3759 25.4652 25.8717 
24.8923 25.7410 27.5532 32.8217 27.8789 31.5926 31.4861 35.5469 27.9516 31.6595 27.5415 31.1887 27.4867 31.3910 27.8110 24.4880 27.5918 35.6273 35.4102 31.4167 30.7447 24.1311 35.1422 30.4719 31.9874 33.6615 25.5511 30.4686 33.6472 25.0701 34.0765 32.5981 28.3038 26.1471 26.9414 31.5203 33.1089 24.1491 28.5157 25.7906 35.9519 26.5301 24.8578 25.9562 32.8357 28.5322 26.3458 30.6213 28.9861 29.4047 32.5577 31.0205 26.6418 28.4331 33.6564 26.4244 28.4661 34.2484 32.1005 26.6910 
31.3987 30.6316 26.3983 24.2905 27.8613 28.5491 24.9717 32.4358 25.2239 27.3068 31.8387 27.2587 28.2572 26.5819 24.0455 35.0625 31.5717 32.5614 31.0308 34.1202 26.9337 31.4781 35.0173 32.3851 24.3323 30.2001 31.2452 26.6814 31.5137 28.8778 27.3086 24.2460 26.9631 25.2919 31.6114 24.7131 27.4809 24.2075 26.8059 35.1253 32.6293 31.0561 26.3583 28.0861 31.4391 27.3057 29.6082 35.9725 34.1444 27.1717 33.6318 26.5966 25.5387 32.5434 25.5772 29.9897 31.3510 33.9002 29.5446 29.3430 
25.7740 30.5262 35.4209 25.6033 27.9700 25.2702 28.1320 29.4268 31.4549 27.3200 28.9564 28.9916 29.9578 30.2773 30.4447 24.3037 24.3140 35.0966 25.3679 32.0968 33.3303 25.0102 35.3155 31.6264 29.2806 34.2021 26.5077 32.2279 25.5265 24.8240 27.5587 28.3714 32.3667 26.9752 35.9346 35.1146 24.3749 27.6083 27.8433 29.8557 32.4185 26.8908 31.3209 29.3849 34.3336 24.7381 35.7690 31.8725 34.2054 31.1560 34.6292 28.7261 28.2979 31.5787 34.6156 32.5492 30.9827 24.8938 27.3659 25.3069 
27.1798 29.2498 33.6928 25.6264 24.6555 28.9446 35.7980 34.9446 24.5596 34.2366 27.9634 25.3216 35.4154 34.8620 25.1472 29.4686 33.1739 31.1274 31.3701 26.5173 28.6486 31.6565 35.9497 33.0321 24.6081 33.2025 27.4335 32.6355 35.8773 28.0295 33.1247 33.4129 26.9245 30.2123 29.6526 30.8644 24.5119 33.9931 33.3094 33.2040 31.2651 27.9072 35.1110 35.0757 33.8330 25.9481 29.1348 24.2875 32.3223 34.9244 27.7218 27.9601 35.7198 27.5760 35.3375 29.9993 34.2149 33.1276 31.1057 31.0179 
25.5067 29.7929 28.0765 34.4812 33.8000 27.6671 30.6122 25.6393 30.1171 26.5188 30.1524 27.8514 29.5582 32.3601 29.2064 26.1001 33.4677 33.9010 29.2674 34.8311 31.9815 26.4960 32.6645 27.7188 35.7385 32.8309 30.1509 30.5593 27.3321 27.4559 24.2361 34.7268 29.9207 27.2730 35.9963 32.3917 27.1390 26.4589 25.0466 35.5002 27.9961 25.8897 31.3951 30.7583 34.9652 28.0919 35.6706 33.4401 28.4580 31.1795 26.9458 35.8381 26.7134 25.1641 27.3410 25.2093 33.4669 24.1094 33.1669 35.4907 
28.6989 29.2101 30.9291 34.6229 31.4138 28.4636 35.9115 32.9058 28.7669 24.2868 34.8983 33.7291 29.1154 26.2804 33.4559 31.6103 33.3061 24.5530 29.1587 27.8378 25.3525 25.2126 26.9565 27.9928 29.5057 31.0723 26.3605 27.7434 34.0438 25.1053 24.4462 35.4191 33.3472 32.2356 24.5244 29.4635 24.6889 28.1962 34.2994 31.6316 30.8005 35.7727 31.3444 25.5691 32.7839 32.7707 24.1047 34.0060 28.8249 24.0499 29.8274 24.0323 31.0756 34.3358 25.4358 25.8930 35.6732 25.1869 29.6669 26.4637 
30.9493 34.3170 35.5674 34.8829 30.6691 35.2667 35.8950 25.9022 28.8917 32.2092 28.9898 26.0572 31.7516 32.2940 31.0631 24.1612 26.6554 25.2452 30.5956 31.3910 32.1604 33.7765 31.1336 32.6260 28.8616 27.6223 33.9381 33.9836 34.8895 29.4617 34.5734 32.4431 30.0745 25.0495 29.2942 28.2689 28.4819 29.8917 33.1162 26.4574 27.4442 33.0784 33.2286 27.5837 24.4895 26.2151 24.0331 26.4765 34.8568 30.5934 35.4341 31.1248 24.2424 29.7172 35.9365 36.0187 26.3866 33.1842 31.3025 34.5230 
35.2538 34.6402 35.7584 28.5510 25.6518 29.6442 31.9400 35.9086 28.9622 24.6224 29.7635 29.5098 28.2109 34.2855 27.5473 25.4274 32.3429 34.7900 33.7012 25.3495 33.7603 26.4442 24.5097 30.4135 28.4948 28.8433 32.4284 24.5071 31.7032 29.8722 35.8520 35.7172 27.1922 24.3206 25.2698 29.6203 24.3243 31.1824 25.0701 31.8824 28.6468 32.8570 24.7469 29.3045 27.3994 26.1497 31.9613 34.7492 24.8681 32.0285 32.7486 33.5455 24.1792 25.3980 35.2296 28.3435 26.5999 28.9487 30.2372 32.3833 
29.1734 31.5089 33.1944 35.6177 31.5890 35.1223 28.6222 34.3145 33.1096 35.6842 29.7341 28.2495 30.4642 24.7513 26.3774 27.9832 33.6256 33.9634 33.7699 24.4594 26.1460 32.9271 27.3248 35.6258 31.3697 26.8933 24.1528 25.8813 30.6996 32.7152 24.3243 29.6383 27.6021 26.7215 24.3555 34.1569 27.5892 24.3209 32.5984 25.1270 35.3361 36.0073 34.2660 26.9172 31.7032 35.5142 28.3009 35.5839 31.8163 33.7563 35.6908 25.5129 30.5505 33.3061 32.9789 24.0496 32.8313 29.2413 35.4543 25.8732 
35.2623 35.6805 31.0851 30.2589 24.1366 27.0766 25.7770 33.1482 24.7965 26.2804 33.3828 28.5484 26.7417 35.9152 30.3841 31.6716 24.0114 33.0446 33.5631 33.9432 31.3396 24.4979 31.7928 34.6457 26.8155 33.8731 26.5290 35.2714 30.5060 29.6243 32.4622 33.0465 29.1157 26.2378 28.1837 32.0623 28.3332 30.9790 33.2201 24.2508 27.1735 32.1189 24.5262 30.8321 27.5047 26.0098 25.2243 24.1142 29.4958 26.2298 30.5457 24.8259 29.9075 28.0949 31.5622 26.4082 34.1331 28.1918 30.2934 29.4113 
26.7115 24.0969 30.0213 29.9423 31.5460 33.7673 26.7519 28.7294 26.0583 35.7051 33.7974 25.0704 33.0428 25.8115 33.0476 26.1295 34.1154 31.8647 29.3071 35.8575 28.5234 28.8444 29.0640 29.9277 25.6070 29.2266 35.8355 25.3635 29.9563 26.7468 27.8587 34.6508 24.1421 31.6518 34.3266 25.0469 32.1332 32.3726 35.2883 33.8705 27.6212 25.3705 30.0375 31.0275 35.0871 32.3201 35.2013 28.5212 31.4061 29.7925 32.4699 28.1966 31.9195 35.4859 24.2670 30.7084 28.9351 35.5112 24.7690 33.8874 
34.2296 32.8783 24.2457 26.9036 25.8677 34.0545 30.8923 28.7287 26.8493 25.1119 35.5939 32.8941 31.6723 31.0947 27.8547 27.3891 32.3800 33.3630 28.6751 35.9185 28.6512 31.0771 27.9359 24.4726 32.8360 33.6076 32.7391 28.5572 26.6983 29.3717 30.0338 32.1710 25.1575 30.7488 33.8756 26.0792 35.3339 36.0081 32.6829 29.1686 30.0925 31.9654 30.9023 31.1380 25.2074 34.7371 24.5134 25.3686 30.3896 27.5800 32.5904 30.0628 35.5009 33.8415 24.3448 25.8394 30.8182 27.5833 32.3322 32.7611 
30.1451 28.2025 26.5217 26.3509 35.4694 33.4757 32.4387 35.9166 32.2970 29.0548 31.9811 28.4610 26.5544 29.6684 33.8492 29.8039 31.6951 29.0625 32.6965 26.0263 28.9420 30.5328 27.3384 24.6595 25.8827 35.0801 33.7214 35.3324 31.8030 26.6759 34.3651 24.4032 26.8338 24.2042 28.6064 24.4451 32.0895 34.9982 29.0922 31.9532 32.9877 27.6751 24.4531 30.5809 31.3844 35.9449 30.3716 25.9569 26.8500 29.7731 32.3711 32.3036 34.2564 26.5720 26.7762 29.2762 34.2656 30.6595 35.3743 33.7996 
24.0543 33.0039 35.4925 28.5634 28.7661 32.5147 29.9813 24.3169 24.4333 34.1441 30.3602 33.7229 29.9475 33.1878 33.2168 29.3504 30.0261 25.2739 27.8404 24.5589 34.8932 27.3762 30.9548 24.9544 34.8789 29.0019 30.0958 25.2790 35.3291 27.3516 24.0308 28.0365 26.2937 29.5068 29.7356 30.0859 24.2515 31.0451 27.7229 25.7112 28.3086 34.6299 28.1026 32.5555 28.1261 33.7508 24.6077 32.5044 26.3491 25.1564 30.9944 26.4350 32.2903 35.3188 27.2172 34.7463 25.7472 31.9507 33.8573 25.9962 
28.1944 30.7994 33.9010 26.7178 27.5378 28.0809 32.5500 33.7445 26.0439 32.6774 34.3255 30.2526 29.8171 33.0270 35.6129 27.6788 32.8500 28.4272 28.5124 25.5923 30.6140 31.8820 29.9064 28.2748 31.9826 29.8193 35.3445 34.1610 32.2591 34.4338 31.9881 28.5877 24.3926 33.4853 30.3804 28.3666 35.2274 33.4754 32.6928 28.1433 35.2384 25.0998 29.5685 29.4128 33.4860 30.7954 27.4526 26.2169 25.7553 27.1845 30.0683 32.1420 35.4099 34.5950 24.0510 34.6641 35.2538 34.1011 24.7752 33.6604 
26.0377 28.3229 27.8169 26.0755 35.8300 26.7637 30.3826 33.3847 27.0971 31.2636 28.3222 33.8503 29.2406 30.9709 32.7149 28.5763 26.1684 34.2840 35.7172 31.1575 24.9529 26.8294 29.8303 29.4304 27.6832 27.3296 34.3358 34.0192 31.7303 34.1595 28.4973 33.5528 33.2326 34.4434 34.0728 31.4131 26.6576 24.9265 30.1381 32.0219 35.4073 35.9725 26.9969 31.1964 33.9649 35.7227 30.3125 35.0085 25.1766 30.6632 29.7037 29.3188 24.8644 35.0739 31.7388 32.7134 24.8413 33.0736 30.9048 34.6861 
35.4815 26.8952 34.7511 36.0264 26.2202 30.3771 24.7539 29.3497 33.5999 29.1047 29.2619 28.4412 26.6106 30.9188 33.6436 32.4765 27.5690 35.6915 24.3268 33.7890 30.1495 24.0253 24.2100 27.4486 32.3197 34.4349 31.0840 35.0607 26.6161 31.5706 29.4014 28.8422 24.8527 32.1468 35.1609 33.1173 31.9015 34.6938 31.3910 24.5652 33.5929 27.2686 30.7532 28.6854 33.7192 28.3729 26.4905 33.8158 24.6856 26.0858 32.1405 35.9423 35.0853 35.3845 31.4013 28.1588 30.4594 30.3680 26.5412 31.4222 
27.0997 31.5199 30.8038 28.5932 26.6983 32.5261 24.7359 30.7745 35.4374 34.7526 34.7507 29.6368 28.0144 30.3254 28.9633 28.6442 35.9721 33.4618 29.2663 27.2025 28.2906 25.0521 26.3884 30.3081 28.3413 30.4774 24.7113 29.9247 26.8654 27.2003 32.2026 30.6610 26.7773 34.4753 33.4577 29.8766 32.1493 33.5822 25.9345 24.7936 28.3820 34.8333 25.0007 28.9384 30.6511 36.0228 33.6601 26.0887 31.0337 32.1343 26.9671 24.5560 29.7037 25.5431 31.2221 31.6727 28.7342 28.0614 35.1066 27.0854 
29.4965 28.1316 29.4459 31.4876 32.5261 34.8466 33.0777 24.4932 32.7123 27.7038 28.5014 24.8846 32.7483 32.0719 25.7744 26.7732 31.6000 28.9453 33.9300 32.7016 34.9938 27.2598 26.0245 33.6575 32.6517 31.4156 26.0443 32.6352 25.3734 27.7170 30.7572 33.9094 34.6538 35.2325 27.0990 34.4929 33.5495 31.9312 34.7779 24.1730 32.3032 30.2163 25.5655 30.6033 28.8091 28.4926 34.0086 35.3423 33.3667 28.6505 34.2759 25.9477 34.2359 26.5977 30.2361 34.0872 29.2068 33.3659 29.7426 27.6759 
25.7946 33.9116 25.3323 24.4300 26.9818 25.3804 25.3411 30.1135 25.4443 29.9155 29.0078 24.4778 35.2149 31.2526 25.6720 31.3536 27.2958 31.0077 31.9731 26.6106 26.8004 29.5002 30.5530 33.3039 33.5694 30.7620 28.7360 25.3543 35.8814 32.9954 28.4882 25.1880 31.8923 31.9371 29.8689 28.7089 27.6002 34.4885 27.7361 34.7342 34.2649 25.8412 27.6505 28.8646 34.0813 31.8497 28.7188 30.4520 33.2998 27.3520 35.4062 28.5719 27.1919 24.7289 34.0335 35.9945 32.1629 33.2212 32.0906 26.8977 
33.4655 30.7767 35.9042 35.4448 27.8881 24.0044 28.7063 24.5398 33.9381 25.1457 29.1980 30.5196 32.2940 33.6718 27.9241 24.6221 33.9476 31.9158 25.9536 33.0957 34.2384 34.2153 33.3465 28.9843 26.1424 30.5093 35.3082 29.1583 35.5773 32.3340 24.1693 29.9548 27.1915 26.0546 32.8974 34.5006 28.4621 29.2479 27.6164 33.7122 31.7682 31.0088 28.0262 25.5805 34.3056 24.1263 24.4146 31.0014 28.2003 30.2325 24.0430 34.3280 35.9552 25.0429 24.2347 35.5362 27.6615 25.7862 28.3508 33.8789 
31.7006 31.3466 34.3405 33.6582 34.7008 29.0794 27.8264 24.3558 30.6202 35.5902 29.7400 25.7469 31.3047 24.4429 25.9044 29.9086 25.3668 32.9781 33.1408 27.0182 34.6685 24.4520 33.0362 31.0741 26.6194 26.3010 27.9443 27.7137 24.1028 24.4755 34.5873 24.9889 26.8456 26.3598 29.1752 33.0053 25.8780 24.9063 32.4332 32.9580 25.7289 35.8425 35.5854 26.1930 31.1057 24.8163 27.8995 31.3091 33.0365 28.6898 31.3914 35.6835 35.4587 35.1657 30.2692 34.1705 24.8597 33.2455 25.6180 28.9975 
32.2613 27.3329 30.6940 27.3329 33.7185 30.3973 32.7784 30.8898 31.1498 33.5620 25.7447 29.9681 35.6122 27.7049 30.9959 32.3987 30.1043 26.3036 30.4311 31.5008 31.1020 32.7457 29.9218 27.7409 25.0859 33.7034 32.5603 32.2691 31.6308 33.9865 31.8651 34.6666 33.2088 33.9847 32.8324 31.5364 35.3181 25.2713 30.5226 26.0689 33.1860 25.8133 26.2724 35.0607 28.3225 25.7983 35.2806 25.5409 27.6105 33.9843 33.3020 34.0824 35.8403 35.4191 24.8211 29.9614 34.5410 26.3667 24.0132 27.9344 
30.2137 33.5576 34.5969 35.8645 32.4596 30.8967 24.4473 30.1050 33.0696 33.7820 29.2145 25.1968 27.0663 31.4630 31.8449 33.6906 26.4361 25.5662 29.0188 30.7936 35.3430 27.7431 27.6663 32.4993 33.8239 31.8706 33.6138 28.8818 35.0243 30.3624 28.2153 25.6110 34.3482 29.8454 31.1252 31.6297 35.9038 27.4732 28.4687 29.4584 34.7904 35.4852 33.0288 30.7906 32.3120 31.0554 31.6426 25.2269 34.8565 27.3410 26.2551 33.0949 29.2971 34.4702 32.1295 34.1110 30.0488 34.1841 35.0915 30.9676 
34.2127 25.6690 24.0059 31.6246 28.0684 25.6268 28.1628 28.8987 25.7417 31.9892 35.1106 25.8618 30.6239 26.8584 31.4748 29.1991 32.7211 28.0706 30.2629 34.9835 28.7801 24.3096 26.3704 25.2794 33.9766 31.7935 32.5812 24.0907 35.9060 35.2648 29.4811 26.5162 28.1257 27.2378 29.7077 30.1135 25.8655 28.5660 29.7903 30.4715 32.6818 27.5264 25.9386 29.4951 29.1400 33.3340 35.4958 26.7002 24.5009 24.8626 35.6879 29.9905 25.8949 26.5808 26.1122 32.1453 26.1299 32.3139 30.3287 25.5908 
33.0777 32.9058 26.4093 25.7531 25.1916 24.8237 30.9287 31.1634 24.5578 27.1500 25.4230 35.0103 27.6428 32.1376 34.0346 28.3512 33.2672 25.0675 29.3361 25.4355 28.3012 34.6890 35.2178 27.2896 26.2158 25.0862 31.6290 26.2209 31.0117 35.4697 30.0635 27.5448 33.7056 29.7900 32.8706 34.7691 34.2142 31.1215 28.6942 34.7067 27.3568 26.7876 25.9099 25.0102 30.0521 26.6473 35.7000 24.3375 28.2612 25.2346 30.7076 35.4429 29.0485 33.5808 31.5695 33.7699 24.1168 27.6781 34.4048 24.0316 
26.1229 27.5393 27.8286 32.7989 32.2584 33.4875 29.1620 31.4509 28.2759 33.6307 27.4140 30.5229 31.8324 25.7421 27.4353 26.9602 35.6475 26.8529 34.6861 33.2730 29.8359 25.8005 30.6239 26.5261 24.0779 32.5401 30.8450 34.1345 32.3976 35.0643 35.3236 25.9327 25.4377 29.7709 35.0842 34.0475 29.5968 32.3917 29.0467 25.6488 28.9655 30.7561 34.8815 34.3376 29.9152 27.1662 35.5832 27.1151 28.5091 35.3886 26.0957 24.7264 36.0319 35.6522 29.4995 24.5159 35.1671 29.4073 30.4972 26.9994 
34.1522 28.7753 32.6374 28.1430 31.2739 26.1861 30.5754 25.8647 32.9737 31.8166 31.6227 35.1106 34.1830 31.8078 26.1758 27.6579 31.9606 27.0667 29.2406 31.6584 29.1921 29.6959 32.4820 30.3099 27.2165 32.4655 25.1156 27.0420 24.3044 32.9286 31.3639 24.8945 30.8986 31.3293 33.9990 34.7790 34.2928 35.7775 32.5312 28.7698 31.9694 29.9321 33.3560 25.3139 30.1704 32.9341 27.8929 29.9699 30.6503 26.3403 32.7931 30.6048 34.5623 34.2197 31.6503 35.3849 26.2478 34.9039 24.6559 27.5973 
26.0528 26.6546 25.6327 30.1965 30.5483 34.0332 32.3961 33.7864 25.5313 28.2777 26.4655 29.0651 34.5888 29.7962 28.0802 29.7999 27.6123 29.1554 33.9127 26.5408 25.0594 30.7715 31.8963 33.8984 29.8278 24.1447 28.8561 27.1933 26.2779 30.4205 32.6704 27.5712 27.2187 29.1088 32.9433 35.1290 35.3724 33.0828 30.2170 33.0417 32.5011 32.4560 25.3429 26.9646 31.1641 27.3230 31.0627 29.8395 25.5372 26.3976 29.4679 28.5840 32.6877 26.9664 33.6384 35.3148 24.6393 33.6931 32.7398 30.9551 
26.8518 35.4224 27.0112 24.2167 27.0174 33.6189 28.1863 33.7959 29.9684 29.5619 27.2179 24.2515 34.9586 27.8213 33.4783 24.5626 30.4528 35.3471 30.8729 26.6348 35.3809 29.4576 27.2403 25.1270 29.2960 30.4869 30.4436 24.4917 29.0236 35.7933 31.2588 25.6396 33.9068 35.1062 31.0312 34.7169 25.0411 32.3858 25.7358 34.2142 29.3919 29.4429 32.5562 31.0855 25.0682 28.8543 34.5058 25.8343 35.5715 35.4932 25.4810 29.2836 32.8570 29.9717 31.2632 31.1432 33.1364 25.6833 24.1359 35.0640 
29.3166 26.3116 27.7893 28.1940 35.7062 31.5904 29.3508 36.0195 33.2899 28.5142 31.3183 34.2484 31.0256 31.5537 28.6898 24.9445 31.4707 24.8406 27.4768 24.6015 31.9635 26.3065 34.2902 30.7153 30.1546 30.4814 24.8890 27.3876 32.7549 25.8611 25.9404 24.3312 24.2640 24.0532 29.0904 33.3806 26.9065 31.8813 28.0247 25.0014 28.0420 36.0143 29.9772 33.6428 26.6113 27.5778 31.5445 33.2580 35.0496 28.0042 26.8595 28.5994 35.5314 35.2880 25.9404 31.7549 27.8055 32.3994 30.9526 32.5944 
35.1227 25.1472 32.4170 29.6882 25.0212 34.6611 33.2738 25.8082 32.6227 35.8406 30.4755 30.5027 34.0827 31.6694 34.2069 34.0222 26.3168 26.1196 30.3481 31.1876 29.0985 25.3752 26.4402 35.4102 32.4707 34.6611 26.6043 29.0919 26.7171 36.0107 27.5411 31.2787 29.5373 34.5906 25.4604 24.2280 31.0848 26.5514 29.8013 28.0659 24.1965 24.1528 25.4604 29.0948 28.4423 27.2330 35.8197 26.8581 34.6688 28.6391 35.7609 25.8574 31.3525 26.9212 35.4235 32.4629 27.4019 25.6033 35.7554 27.3120 
28.1731 28.4389 32.2253 33.9017 35.7554 34.0295 32.4651 25.0392 30.2963 27.1779 35.5854 28.5223 27.4948 30.5229 35.2035 29.3115 24.6250 33.3310 30.0125 29.5685 26.4883 29.4521 31.7465 32.2881 35.8564 29.4488 30.2982 33.1335 31.3393 26.2147 26.1703 26.8647 33.8341 31.7795 29.8612 28.7386 31.7935 32.2569 30.0613 33.0417 34.9380 26.7663 34.8245 29.4606 26.6454 33.3788 31.1645 35.5509 24.4792 35.3952 27.3994 25.3521 31.1204 27.7622 35.7338 25.2651 24.9985 28.6369 27.0365 28.6115 
25.5897 35.4172 28.1573 24.0632 33.7019 30.8997 32.7549 30.0114 26.1273 30.9206 28.3460 32.9855 33.6024 26.4475 27.1335 35.0434 24.2012 28.0703 30.3030 24.0084 30.2288 29.7624 29.9457 35.3875 24.1373 27.6615 26.4218 35.6019 29.6757 31.0686 32.9631 24.0000 33.9516 32.9543 33.2936 35.1499 30.1895 33.6054 32.5309 29.7558 33.6245 24.5244 34.7841 29.5505 27.2918 26.2250 27.5448 27.2477 29.1073 26.8676 34.9134 26.9084 32.4402 35.7070 30.9680 34.6009 35.6365 26.0983 28.0086 29.8116 
33.0274 30.1664 34.7195 26.2819 26.4512 27.5253 30.5251 24.0995 26.0840 34.5403 24.1979 33.9208 27.4137 24.4924 30.1421 35.3133 29.4165 24.9728 30.4091 26.0296 32.6359 34.8980 32.6249 24.2064 34.0897 35.2766 27.1673 35.8979 29.9097 24.9078 25.9610 30.4355 30.6037 30.2574 34.3651 32.2870 27.6395 32.7171 30.2306 34.9813 24.5494 27.2220 30.2156 26.2694 35.1481 35.1062 28.6538 34.6475 29.6981 32.4714 33.4614 29.1591 32.4516 26.0770 32.5008 27.8206 26.4960 33.4559 30.6621 29.9978 
25.7733 30.8156 27.1798 31.8126 30.3624 34.5414 25.3106 28.6931 32.3609 30.9063 28.1239 35.5300 29.1260 28.1037 28.2943 28.5436 30.7076 29.4341 29.8865 31.8578 30.2655 33.3064 25.7880 24.2537 32.6109 27.3406 28.9380 33.5003 25.4204 34.1029 32.8882 33.5672 24.3702 31.3675 35.9332 24.1454 28.6049 33.0560 28.4173 28.1239 29.8186 33.4236 29.3195 25.4428 31.6969 28.4463 35.6291 28.2675 30.4645 33.5672 30.7770 27.1107 33.6256 35.0012 35.9585 24.8773 31.5306 34.4143 25.7358 32.8584 
34.9666 27.9138 28.6666 29.0522 33.2348 31.0326 29.7922 29.5990 34.0420 26.7446 31.8306 33.0490 27.6425 32.4222 24.2670 24.3467 24.5207 30.4146 24.6672 26.8768 33.1177 30.3514 25.6283 28.4709 30.6261 31.9180 35.7617 34.4404 34.0200 35.8792 24.0599 25.4042 35.5491 28.5219 28.2359 24.8464 30.1972 27.1342 31.8269 30.1039 31.6940 27.4544 27.0813 35.7874 27.8209 24.9438 24.8494 35.6996 24.2989 35.0456 31.4042 27.6887 31.7252 31.5879 30.1785 27.8327 24.5262 29.3243 24.4370 34.1679 
27.2146 25.2048 34.4779 30.5769 32.0237 24.3680 33.1845 31.2232 35.5770 33.9179 26.3755 27.5191 31.0231 33.8731 33.1504 30.5365 26.7027 24.9518 28.2847 34.7570 24.0422 30.2156 35.0562 35.8997 25.7373 29.8997 33.4662 24.9882 30.9922 31.3598 28.6732 31.2306 28.7085 24.8145 28.8249 27.5797 29.6225 26.8298 24.4208 24.2365 27.9550 34.4173 31.2441 31.6011 29.8348 31.5262 24.2710 25.4072 27.0288 27.2315 29.1587 28.7368 29.1712 26.7380 30.2556 34.5216 33.0307 34.8322 33.9322 27.6248 
29.9681 29.0023 30.4124 34.6798 26.3895 25.9224 24.4374 27.5797 33.9535 34.1235 34.3684 29.9537 28.4044 28.5891 25.5071 35.9365 26.3113 28.8767 26.1919 30.3911 25.8993 31.4571 31.4579 32.7538 33.4486 34.2987 27.0520 32.5107 29.7418 24.7194 27.3839 27.2616 25.8401 24.1348 27.0138 31.3811 26.5705 24.6290 36.0184 25.5732 26.9352 31.3055 26.6370 28.1889 28.2902 33.3109 33.7387 29.9765 31.0425 33.2609 31.9485 33.2936 26.8070 30.1572 24.5038 33.7199 31.0139 25.3561 26.8474 28.6718 
34.4988 30.9151 31.0631 35.3471 35.4036 29.5457 31.2530 34.1459 29.9247 33.9583 27.5069 24.4543 26.9609 26.3689 28.3868 24.7032 25.3719 34.2487 29.7492 35.1337 30.9291 26.8202 25.9257 35.8333 27.6050 32.7832 31.0840 26.4449 28.4154 31.4065 34.4272 35.7224 24.1902 29.4980 35.5131 35.1271 27.6972 32.8287 35.2252 33.5999 31.4839 35.7220 32.4082 35.0129 28.7338 26.1798 34.0622 27.1379 35.8325 33.9909 32.8478 32.5867 25.2809 26.6664 31.9936 29.5759 32.5382 29.6082 35.2560 25.6668 
32.5771 34.6846 33.8951 32.1611 30.2299 25.5001 28.6450 29.7775 32.3014 32.4824 34.4088 34.2814 32.6734 28.6545 33.4629 27.8048 27.3325 24.4421 29.4591 32.9811 34.1176 27.9810 35.6467 35.4749 25.8163 24.7183 29.2733 32.0329 28.1779 27.8261 30.4767 29.9552 26.7332 28.3314 24.7723 34.4658 30.2585 28.8425 31.8368 30.3702 31.0400 25.8780 27.6667 30.5773 29.2773 28.4107 34.8455 29.4128 30.2464 25.7652 27.8239 29.5678 25.1296 28.5844 28.1246 28.7375 32.5973 35.8322 24.3360 26.4978 
31.5544 27.4875 31.6382 33.7431 30.5938 28.4246 34.0302 24.8949 32.3752 30.2677 27.7354 31.8086 30.1796 33.3237 29.2799 30.7859 35.5054 31.4681 26.0652 26.1857 33.3061 33.6303 33.7541 30.1803 32.1971 28.9879 33.7284 29.2751 34.0288 25.6033 27.1386 34.2429 29.9916 33.5308 26.9330 27.3266 28.1441 25.8486 31.8596 35.7205 27.0061 25.4083 32.4541 24.8593 24.3290 25.8680 32.8467 33.0538 35.8612 27.1599 30.0984 24.4014 32.7189 26.3249 31.1656 25.9136 24.8766 27.2675 25.1395 25.7858 
30.9239 30.6985 26.9550 30.2883 29.2380 31.7160 25.9889 32.9660 27.8136 34.4254 27.9344 28.8950 35.0353 26.8162 35.4084 32.2518 32.5401 33.5965 35.3500 25.3741 33.2734 33.7739 31.1898 26.2015 25.0690 29.1396 31.4244 33.8099 27.2488 26.3873 32.5724 26.8985 24.4730 26.4901 28.4768 27.6336 29.4025 24.7260 35.8002 32.6844 26.3730 30.7502 35.3129 28.4169 35.6082 27.8676 35.4143 24.4469 26.1078 25.3018 25.1241 33.7203 25.0308 26.3535 35.0184 29.5913 31.3807 30.1388 25.2155 24.6592 
33.6876 34.2003 35.4782 25.0712 28.2744 35.3555 27.7467 29.1253 24.9537 32.1640 24.6305 28.4356 33.0028 26.3888 34.3391 24.0665 26.2951 26.8258 28.6560 27.9340 24.8354 28.8128 29.9864 25.7792 26.8471 32.9631 32.5970 28.4393 24.9243 28.2906 30.6727 31.2963 32.9271 27.3479 34.7408 32.6928 32.2375 30.4109 24.1921 27.4577 28.7852 30.3904 30.3092 30.0701 33.1937 31.7792 32.8059 31.5691 35.1249 26.8430 32.7505 28.9681 24.8365 34.7320 33.0068 31.2845 24.7300 26.3906 24.3400 24.5115 
27.4772 33.4699 33.2165 28.2722 32.1262 35.4932 28.6123 33.9491 26.6469 31.7770 32.6572 29.2373 24.0841 24.7190 27.8683 31.2684 24.8453 32.1644 29.8590 32.4314 24.3209 35.9603 26.5849 33.7324 34.6332 32.5331 32.6723 33.7166 35.1455 32.4438 32.0961 27.4702 25.0939 30.3551 33.6843 28.1158 32.8041 33.0215 24.7455 32.9565 26.2294 34.3802 35.2718 30.9184 24.4965 25.3528 25.8067 33.6087 30.2989 35.7268 28.0280 34.1066 34.6982 31.0073 34.5447 32.2415 27.0252 34.6281 30.8542 30.4697 
32.8206 33.6873 26.9480 30.8083 28.2708 26.5647 24.2640 33.2040 30.8391 35.3060 28.1610 29.6937 34.0548 32.0193 29.5832 30.8351 25.9944 35.3500 29.9912 34.5315 24.1403 25.4538 33.2260 33.8951 29.2310 29.8013 30.2526 34.4404 35.3526 28.2348 32.8085 32.8518 34.9725 29.6071 25.4803 35.9152 35.8472 28.5877 24.5953 35.7606 28.5017 26.5092 29.2141 32.0373 29.5039 29.3974 28.5550 29.2024 30.9430 26.5584 31.6231 27.3421 29.4628 31.3363 30.6856 30.9772 25.4208 30.9827 32.8298 34.1037 
33.1673 35.5424 35.1414 29.9838 29.1135 24.5773 29.6107 28.0108 35.0063 29.7525 33.6344 29.8891 34.4555 31.7817 27.6612 31.6940 28.4305 30.0896 24.4700 28.1143 24.0338 35.8788 31.3047 25.2750 33.6373 34.1062 33.0887 26.4130 35.1260 26.0461 34.7004 32.9025 30.4954 29.4793 25.8119 24.9012 33.2139 27.8606 26.5926 24.2787 25.3396 34.2924 29.6574 35.6405 27.6575 33.0296 32.6594 28.2671 35.0338 24.5104 25.0286 31.5460 32.4494 32.9029 27.0061 25.3954 24.4102 25.3995 32.4354 35.1771 
28.4680 35.4415 25.6554 28.3725 25.7072 29.9780 32.2606 34.5510 35.5369 29.5424 25.1123 25.7318 30.8806 33.2800 30.4227 26.8122 29.5564 29.0808 26.6667 29.2564 29.8208 26.0116 29.2810 33.3193 29.6001 28.2091 26.0983 32.6649 26.0035 31.8236 24.1113 25.9903 30.0907 24.3415 28.9531 25.9455 29.5803 31.7773 25.1490 29.6295 30.7392 24.5960 31.2254 29.2476 27.9072 28.6923 33.0072 27.2150 31.8938 35.6842 25.6092 25.9933 29.7756 34.7841 27.6303 29.1363 31.3885 25.2317 33.3193 35.8762 
26.9161 30.7253 30.9511 29.6203 34.9325 35.0063 29.1201 26.9172 29.2039 28.4874 26.6535 30.8446 31.9026 24.9162 24.2879 27.5664 29.1719 33.4107 25.8390 26.4405 32.8045 25.3459 30.7473 29.7374 28.1907 25.8251 25.8960 28.6123 24.0099 32.2933 26.7097 31.7190 28.0552 34.4224 31.0422 30.5820 32.2915 30.3525 32.1174 28.4467 24.0756 24.6235 26.2371 24.6863 34.4349 35.2534 29.1561 33.3597 35.7709 35.1238 24.7965 27.9935 24.7825 35.6251 28.6754 35.5803 30.7682 33.1680 33.2815 31.2093 
24.1182 26.5063 29.8101 24.7781 30.7051 30.0393 29.9221 27.3035 29.8909 26.3168 29.2402 35.5894 26.1020 35.6063 28.7790 35.6225 28.1040 29.1477 31.9551 31.0947 25.1094 32.4240 25.0771 25.2254 30.7800 24.7374 27.4232 34.4764 31.5537 29.5535 26.2768 26.2371 30.6944 25.9698 27.4291 27.5363 24.4921 27.6369 24.4800 32.1269 29.8135 31.6925 33.2179 25.1993 35.5329 27.5954 30.5097 29.8370 33.1368 33.1588 28.2105 25.1696 35.1348 34.8095 25.2618 25.4017 32.0109 27.9865 32.3866 25.2768 
24.9684 34.7265 32.8871 28.9516 25.0455 29.6056 25.8089 24.2743 35.5186 24.1171 27.0218 35.2072 28.5017 24.0613 30.0815 30.1586 28.9281 25.7880 31.0451 35.5586 28.0200 30.6037 34.8822 27.8789 31.9720 26.5830 27.3153 25.6349 28.1132 25.3987 34.2976 26.7633 29.8751 31.2037 24.3371 32.4225 30.9698 29.1910 28.5609 31.2342 30.0969 27.2844 29.1723 28.5803 28.7907 34.0258 27.2958 31.0811 31.3550 30.1869 33.3843 34.7643 33.7317 33.7530 30.1987 35.3478 30.2534 27.0204 24.5545 24.9166 
25.1186 25.9540 33.2881 29.5138 29.4147 24.4418 35.4011 31.6000 30.5266 33.4251 24.6298 24.4238 35.0816 31.7840 25.9400 30.2284 27.8742 24.8791 29.6934 28.5102 32.1585 27.6344 31.8780 35.3772 29.5112 35.7000 25.8545 27.5319 32.9554 30.2009 25.7134 24.1193 35.4503 31.4891 26.8581 32.0039 31.1689 30.7998 32.0392 35.3467 24.2009 31.8288 24.3944 35.8792 29.5700 31.1318 27.7511 35.9471 29.3401 24.9673 27.4419 30.8857 33.0927 27.9098 24.2611 35.1671 25.0561 34.4265 30.9129 28.3824 
31.3965 29.0775 30.8773 25.9966 29.7929 24.6621 33.9414 28.5726 31.0635 29.4117 31.7281 30.3408 30.9030 30.8439 35.6023 33.3351 29.1356 29.7492 24.3503 31.3804 31.1343 31.4263 32.1420 30.4789 24.2545 27.6322 35.7191 33.7849 24.4227 32.8030 27.7390 33.6487 29.3052 27.5073 31.4828 35.1804 33.3549 29.1194 34.7404 33.4886 25.3998 34.3813 31.2629 29.2050 27.8033 29.7690 27.2686 28.5219 25.6613 30.9298 32.9315 28.1169 25.5633 34.2465 28.6971 27.4570 32.2154 34.3247 34.6563 32.7611 
26.0285 26.5547 32.1637 34.9435 30.7851 28.2194 34.3831 34.1180 29.6060 25.2629 30.8916 32.8177 34.9211 34.6189 30.8226 34.4103 34.5645 32.7901 25.9419 29.0335 35.4719 24.8053 25.9422 27.5936 35.3912 28.3082 35.4763 29.8843 35.7918 30.3169 28.9611 35.5065 34.6820 28.3288 33.3208 31.7762 28.2836 32.8151 25.7509 31.2030 32.4736 34.4823 33.4320 32.5562 32.6146 29.9387 33.9707 26.2411 29.1091 24.9162 31.4722 26.2951 27.1368 24.4458 27.3450 33.1272 29.6104 25.4120 32.1189 29.6555 
26.2081 32.9091 29.9049 35.2788 25.4861 31.5948 29.7437 31.5530 26.6568 29.7341 31.2408 24.6746 26.1794 34.9237 26.7005 34.5638 27.9432 31.0613 35.6225 34.9953 31.8519 32.1427 29.0449 31.6606 29.7657 29.7606 28.3890 25.8486 31.7373 30.2145 31.7292 26.5621 31.1648 34.2080 28.0783 27.2157 28.0677 34.7103 29.3680 25.5100 31.1365 30.3544 31.7612 26.6873 25.4035 33.6880 28.5028 24.5306 30.7455 35.5454 34.0761 32.6840 33.5007 25.1898 25.2779 28.2821 24.7131 27.4970 35.7393 24.8674 
35.5825 28.1940 32.7483 28.2917 30.6059 25.1913 29.4896 32.4020 30.3147 28.8884 25.4630 24.8145 35.2979 32.8930 35.6695 27.2080 27.1518 30.7308 29.9464 32.1427 27.1695 27.7879 31.0154 29.2990 31.1556 27.7974 24.1583 31.2743 29.8079 27.3410 35.3805 27.1085 29.3151 33.7838 30.9834 26.3634 28.9171 31.8082 31.4968 25.6697 26.5070 34.2968 32.7321 24.4627 33.0927 34.4382 30.6415 30.1182 34.8238 30.8964 31.5398 34.8176 27.8062 27.1581 31.5082 24.6786 28.3097 32.4945 27.0402 27.5499 
27.1566 25.8174 28.7136 31.3756 31.5640 30.2067 31.6433 32.2257 30.8604 30.7480 34.8440 31.8636 29.3508 27.8598 27.1471 27.3487 30.8802 30.9507 31.8045 29.1451 34.1444 31.8849 31.1582 29.9020 31.5893 27.8305 31.9731 32.5746 34.8488 24.6658 32.6462 35.9835 35.3405 30.3555 32.5573 26.3205 31.2507 29.6394 25.2713 29.1245 29.5417 33.6704 31.6249 29.5762 33.8778 27.4886 30.1807 32.2298 35.3978 29.2960 33.6028 31.9301 29.2652 24.2512 24.0459 34.6732 25.7950 34.8837 32.2129 32.5195 
30.9518 30.6834 25.0323 35.2149 25.1843 35.2237 31.0154 26.5408 35.7224 25.0811 35.8777 32.2683 30.4741 27.0409 29.3522 35.3790 29.4804 31.9173 24.5732 33.7265 29.6908 35.2119 33.8654 35.9611 30.7293 27.5051 26.8808 26.1728 34.1749 28.2036 35.4158 29.9919 27.2561 33.6762 33.7559 35.8465 28.0548 33.5624 35.6420 24.4480 34.6527 26.4527 24.6753 28.6641 27.5158 32.2970 26.8885 31.6257 36.0088 32.7347 26.5323 34.3571 33.2807 29.2413 33.8055 28.5741 31.4072 29.9449 29.6416 25.4380 
32.7251 34.6791 24.0870 32.3513 28.7592 33.6939 25.5757 32.3113 27.5620 29.4172 25.2765 26.3678 24.1087 24.4976 34.4760 25.2471 26.9322 33.6476 26.4813 26.6146 31.5735 26.4185 25.5677 32.5030 29.9662 26.8988 25.9878 35.0831 30.5615 24.7587 31.7090 25.3036 33.9164 31.9397 32.2485 24.7708 34.8176 35.6746 24.7847 26.9385 31.7586 25.7050 30.2747 28.4716 30.6144 26.8801 33.2613 24.8174 35.3658 26.2074 33.7618 30.5255 24.7444 26.3678 32.6216 34.4415 27.9876 30.5372 30.4271 34.5510 
33.8470 34.0879 29.8307 26.5008 26.5290 32.5849 25.1090 30.4028 27.1140 25.3793 28.9766 29.9552 25.0065 24.2152 24.2115 28.8120 26.9231 34.1206 34.5124 26.0384 35.7690 28.0288 33.6806 31.3514 30.4829 26.8045 31.9393 30.2813 35.9611 29.3486 34.4235 31.9867 29.2454 24.7980 30.1550 25.6249 35.8193 24.0206 31.4259 26.1479 29.8234 29.5564 33.1126 35.4176 28.1437 25.6084 32.1783 27.3215 28.2781 27.5606 25.0128 35.4701 35.5362 31.9705 26.6047 30.9996 34.0449 26.8379 29.1995 30.0613 
26.7799 35.4628 28.6615 34.2792 35.1976 28.8073 24.1660 27.1680 27.2536 28.6240 35.2090 26.8852 25.3811 31.7105 29.5230 33.2466 26.2841 29.4176 34.5186 25.8126 32.2500 29.5307 25.0117 31.4696 30.4043 29.7624 28.3185 33.2561 27.0780 30.4667 27.4489 27.6498 33.8793 35.8160 31.2761 26.1317 28.4033 34.7907 24.7807 31.4854 26.8401 31.5442 35.8854 25.3095 26.6811 32.2668 31.9709 33.2925 28.9846 34.0475 26.9936 27.9777 30.7690 31.1501 28.0611 24.3577 28.5197 24.0400 33.9248 31.7557 
31.6892 34.5440 27.1012 24.8130 30.9041 28.2487 27.6865 30.2262 28.0559 24.2791 30.2512 34.7963 24.8637 28.8366 24.2336 28.0269 28.9431 24.5075 27.5213 29.2362 34.1448 24.7422 32.8136 27.3571 34.1907 28.4261 25.0807 32.3513 26.3726 28.3431 29.8781 34.0446 28.2451 28.7794 25.9389 31.2126 27.9748 33.5396 30.7638 35.0265 35.6735 31.8225 24.1641 29.1829 24.0180 27.4599 30.5156 31.4920 33.7805 30.6680 24.6731 34.6879 28.0067 33.7489 30.4429 31.4042 35.1969 34.2873 28.4232 33.4320 
32.8603 31.0176 30.0819 25.4839 27.5719 31.8365 31.1443 28.3082 35.5883 35.2406 32.6958 30.8762 35.1014 24.6632 35.6063 26.6587 27.3729 33.2462 28.2116 34.0387 25.1321 29.7407 29.2931 35.0562 33.2885 32.0223 25.7942 25.3852 32.8625 30.4531 35.7771 25.5111 33.1922 31.3143 27.7592 29.4150 34.8539 31.1674 35.2355 29.5233 28.5179 27.8077 29.0559 34.0651 28.6108 35.0948 30.8670 35.0988 26.3418 26.8324 30.2864 35.8821 29.4293 29.6717 32.5827 35.6791 24.9511 25.4880 28.1665 32.5474 
32.6543 27.5954 30.1649 26.4292 24.9853 27.3564 31.5500 34.9586 25.5702 31.1472 28.0971 32.1108 30.0455 28.6354 30.8336 26.6642 24.8652 28.1029 33.7684 34.1775 24.7466 35.8597 29.0228 27.0832 31.3635 31.2640 35.1444 25.7248 26.4648 30.9761 26.1750 29.8851 34.3993 29.2432 28.0758 25.8254 30.2989 28.1712 29.4128 33.1170 29.7242 29.0052 33.0821 29.1870 27.7298 29.9244 28.3380 28.7232 26.8871 33.7258 29.4018 35.5311 26.7850 26.6767 32.1200 35.6831 34.0512 28.1738 34.9475 26.3249 
25.5757 28.0897 35.8873 32.3715 32.2834 31.7799 31.3348 33.2675 35.4701 29.6254 24.7223 28.8043 35.5792 26.8599 34.8109 33.7989 33.5712 34.7794 27.2943 26.0737 32.0590 26.7251 24.2912 34.6262 24.9985 24.6680 26.5966 31.4377 34.9688 30.9808 27.3303 30.4076 34.4731 31.4031 28.6215 32.7949 26.8856 24.4440 27.1008 30.1215 27.2113 26.4578 24.2391 28.8161 25.7586 31.7175 27.3053 30.7906 35.8807 33.1445 24.7792 30.4935 32.1236 34.8837 34.3626 34.8271 24.3367 30.0246 26.9205 34.1151 
25.9529 31.0859 29.0647 26.7663 29.6225 30.2967 27.2128 25.8232 25.1773 25.4296 35.9996 29.7161 28.7100 24.3114 26.0737 29.7940 25.3774 31.4068 26.0208 24.9360 35.3776 25.8691 33.2877 31.5732 25.2148 30.7065 24.7774 35.3614 30.1263 29.7767 26.8790 29.2645 29.2979 24.7785 30.2233 24.1223 35.9974 25.0554 33.8147 32.0708 28.4889 33.7523 27.8929 29.2101 27.4309 27.7016 31.7212 30.2611 29.8436 30.6786 31.7476 28.9053 33.1581 24.7065 32.5988 32.8184 27.8925 27.6869 30.2622 31.3194 
24.0033 33.8918 35.6757 28.3809 25.5585 25.2702 30.2809 27.0619 30.8160 26.8684 29.8986 25.8996 32.5110 29.2505 30.1752 33.6601 35.2806 27.9829 34.0288 30.6191 28.9248 27.1379 30.6107 27.1673 30.6940 28.2506 29.9423 27.5808 27.0108 32.1736 34.7805 25.6888 24.0786 27.1434 29.7995 32.8074 25.7487 26.5940 26.0788 24.0015 27.7706 33.7651 24.3867 31.6841 27.2932 32.7494 31.5096 31.9518 28.4430 27.4140 29.2270 33.1511 30.8149 35.3129 30.1689 24.1190 29.8329 33.9649 35.9324 35.1580 
27.8485 31.3370 31.6955 29.3548 24.7737 29.2762 25.2236 33.7335 35.2417 27.6718 35.8935 35.3199 28.8976 30.6129 29.5850 27.5470 33.3443 33.8650 29.9603 32.9018 31.6095 27.1261 28.9641 29.9868 26.0337 26.4861 35.3489 32.0553 32.7986 26.1537 28.4683 28.5965 30.0448 29.2696 35.8043 24.9985 32.9187 34.8411 29.2714 24.2291 29.7037 32.3142 27.2356 29.1282 24.5754 25.2173 25.0851 29.5902 29.4326 27.0997 32.9921 29.1569 33.7493 27.1221 24.2060 27.1691 35.5593 24.9621 24.3790 35.0680 
30.1583 24.0914 24.9331 30.9548 27.5969 34.9523 35.2068 27.2653 31.6540 25.2272 28.5851 35.3434 27.2929 25.1531 25.1501 29.5663 29.6254 24.2563 29.9618 31.7296 24.7862 35.9122 33.4049 33.2932 24.2071 26.2771 33.3703 32.6212 26.5981 35.8671 33.0207 25.1465 24.8879 33.8914 34.0600 31.0723 32.9293 26.1548 27.4027 34.6299 28.5616 28.8275 25.2239 27.8070 28.4944 31.8097 27.9829 32.5705 35.1782 33.2789 30.5751 29.7613 35.0247 28.4834 33.3983 29.6857 28.8025 34.3706 30.1256 32.0799 
32.9132 33.1166 34.2373 26.2415 32.3722 24.4403 31.8684 31.7013 28.7592 33.6678 31.3257 29.3985 31.6003 24.7756 24.6316 24.3970 28.1525 34.6593 31.4476 29.9420 32.7413 32.6407 28.7026 33.3942 34.0288 26.0149 32.5408 34.6703 25.5996 35.9886 27.6245 25.1960 34.4959 31.6143 34.4599 34.1029 32.2735 35.6941 33.8613 25.4424 28.2619 33.0050 27.1783 25.8394 25.0381 27.1753 35.6361 25.7032 27.5036 33.0005 28.6259 33.4107 26.2298 25.6341 29.5054 30.1524 26.1376 30.5314 27.7688 24.3489 
29.1370 26.6212 30.3698 25.5331 29.7628 27.0854 25.4542 28.3097 28.6953 34.2829 34.8587 30.8409 26.9403 28.6350 28.6299 34.0857 29.6188 24.9368 34.3504 34.1966 34.1775 31.0194 34.0332 26.5055 31.9694 26.4582 29.4965 33.5047 34.1154 24.8788 25.4182 30.8516 30.2640 24.6970 34.2168 24.4689 35.5557 32.1769 32.4519 32.4376 26.1181 33.8411 33.0659 32.2242 26.6891 29.9144 34.6846 24.0334 30.3628 29.9082 24.3386 30.1616 26.0965 25.7579 35.4866 24.7164 30.5622 24.1168 28.5737 34.7353 
26.9546 32.8911 29.1943 34.0401 32.2382 35.4833 26.3715 27.2943 26.9774 28.3255 29.9218 29.8263 29.3981 34.8414 30.0727 27.8327 35.7955 27.0226 29.6813 33.6417 24.6992 28.7430 24.5806 31.8629 35.7084 31.1784 30.2042 27.3652 27.0520 30.5512 30.0180 27.0075 28.1716 35.1591 28.1360 33.7056 26.6609 27.0207 33.5238 29.1469 33.6549 25.9217 25.7983 35.7793 31.7340 24.5956 30.8523 29.8193 32.8401 27.0597 31.4255 24.5347 34.4999 31.0334 33.3759 35.3779 29.6552 30.0345 24.8046 29.6368 
26.8592 32.5099 28.4617 29.4323 31.5768 29.1940 32.7160 25.5038 29.5751 26.3862 25.5816 27.0454 31.4432 28.2116 25.3837 25.3631 26.7013 25.3870 31.7292 28.1525 26.8632 29.9816 31.0249 26.3983 33.8800 33.2091 28.3420 26.6322 29.1029 34.0321 35.3078 34.6126 35.7800 27.6458 33.9557 26.8999 25.3400 29.4290 26.7097 25.0187 33.3336 35.4628 36.0037 31.9209 26.6550 31.2974 31.3492 29.6743 32.3168 34.3038 32.4134 26.7123 33.2958 28.5998 28.9879 28.6828 33.4306 30.5736 26.5790 29.5303 
25.5115 35.7011 26.9682 29.2057 35.9203 24.5156 35.8678 30.2486 28.0890 31.1197 27.3586 31.6661 30.6654 30.9397 29.4334 32.5191 31.9966 24.1351 31.6995 27.5404 30.8751 35.2736 35.9978 31.2599 25.8310 32.6473 35.2230 28.7360 32.0847 29.3342 24.5064 33.7578 28.7669 32.4589 34.6075 32.2903 33.8283 30.5497 26.9506 28.1290 28.7456 34.4103 25.2059 28.6920 26.7090 24.4767 34.0651 31.4986 30.4667 24.6375 35.8737 29.7518 29.1121 35.1624 24.8942 25.3705 32.6858 32.6789 32.9411 31.8012 
29.1525 34.5697 33.9597 30.8802 31.0811 26.6117 30.2497 34.5396 24.3955 27.9832 27.4067 35.1389 34.6574 32.2999 32.2290 31.3047 26.9785 26.6054 33.3439 33.3979 35.5237 31.5372 26.6124 30.9291 34.1404 27.6740 33.0307 30.5982 28.3049 24.1381 26.7872 26.9532 24.3195 26.1659 34.0611 26.3763 31.0583 25.3543 31.4178 34.5227 26.9554 34.0229 24.7249 31.6576 35.4984 34.7096 33.7067 26.5114 25.3308 34.6971 26.1335 32.6036 30.9188 24.3911 32.1563 33.5907 29.3820 29.4510 25.5214 34.2781 
29.6240 31.4233 30.8060 35.2292 29.6802 31.0117 31.3818 27.6054 33.6961 28.7364 28.9380 26.6726 25.1178 28.6475 33.8433 24.0095 27.3344 32.3822 24.3187 33.2804 28.0324 32.9605 26.7141 25.3811 30.8615 35.7756 29.9816 24.0841 34.7346 31.9415 31.0301 25.6264 35.9056 35.6886 32.3454 25.3976 33.6395 26.7365 35.8781 31.7737 26.3179 29.6633 35.0691 25.3521 26.9356 26.8074 24.9529 32.4336 24.6577 32.9822 32.2118 30.3456 29.6926 28.5443 28.6843 33.9432 31.8886 30.9581 31.0315 32.7538 
34.3725 25.4659 33.4724 31.8372 28.7393 35.0096 28.1529 34.2899 24.9779 25.9400 24.7910 25.9345 26.7057 25.9290 35.3717 28.7540 28.8036 30.2916 31.7931 30.9151 24.2864 24.9966 34.7680 28.4033 25.2963 27.4669 29.0269 34.2498 24.8956 28.2252 31.5842 25.6422 24.8788 35.3151 32.1817 33.8536 32.2059 32.3509 24.3771 34.4342 28.9516 28.0611 26.8783 35.1205 34.9681 32.2485 24.8083 30.9357 27.4937 27.7284 31.3235 31.4197 29.4319 25.8673 30.8038 34.0133 34.2708 34.6204 28.1092 28.2083 
31.2375 26.6877 25.2845 24.8204 27.2793 25.4872 29.8751 26.5316 28.6461 35.5648 24.5343 30.3228 35.0930 31.4105 26.1497 26.0788 33.5407 32.1262 31.8071 33.8507 32.1864 30.6834 27.9535 35.7606 25.6316 33.8576 28.5355 25.5339 28.2877 29.7015 29.6827 31.6378 30.5288 30.3437 27.2124 24.1579 26.8761 31.0495 32.6550 30.6731 30.8600 33.3263 29.5094 34.3442 33.3112 33.1713 34.0655 27.6032 35.3173 25.9881 34.0324 35.3162 28.3717 25.5284 29.4774 35.5972 28.8811 28.0537 33.5481 25.3176 
27.5264 27.3788 28.8502 26.1398 32.8434 24.0132 25.7494 25.4197 33.4140 25.7773 25.9404 32.8621 33.9737 31.2317 25.5210 30.6845 25.9239 29.3978 29.3710 34.2667 35.5178 31.1821 30.5824 29.0133 25.9823 33.6065 35.0397 24.4689 25.4700 28.5297 24.7282 27.5158 28.4760 29.1587 24.0988 31.2937 30.5809 33.5051 30.7098 26.2353 32.9473 30.4495 34.6350 33.5943 27.4732 27.7332 32.2551 35.4921 27.6582 27.0498 30.2949 30.4910 35.7554 33.8444 29.9559 28.5521 35.3269 26.9998 35.1370 33.8955 
32.1468 24.1480 26.4615 34.1760 28.0023 35.4213 29.3328 32.4607 34.5675 29.3508 25.2111 32.1306 35.9728 28.6167 26.8617 35.2468 31.3029 26.1706 30.6661 24.6812 29.5513 31.9584 34.3842 26.6429 32.0021 25.0007 25.9867 31.3741 30.9911 24.7950 35.6835 25.0778 35.9530 32.7262 24.4036 31.1766 35.3794 33.3832 25.7417 28.9160 25.9220 35.1014 25.8361 32.4618 29.2971 26.7692 34.2917 30.0433 35.7003 34.7731 35.1756 30.1932 35.0485 24.7609 30.5376 34.9707 26.6230 24.6301 33.9421 30.7847 
24.0353 32.9179 33.9436 33.2954 30.3224 28.8385 25.6429 24.3250 24.1590 33.2011 33.9990 33.8463 28.2550 31.0660 34.5039 24.4829 24.1686 30.2684 31.8166 24.1204 25.2629 30.5578 33.5069 31.7021 35.9394 33.0986 35.1029 33.5022 28.3758 33.5349 30.3584 27.9843 25.8963 32.0994 30.5663 35.5424 27.1151 28.0457 34.6358 27.3266 28.4338 31.8691 30.0290 26.2209 35.4708 26.5074 26.4343 25.3760 32.2118 31.3139 33.8106 25.4961 27.0799 31.5313 34.8165 28.8109 24.3885 35.3530 31.7142 26.2125 
28.3438 33.3391 25.2386 32.0722 24.3209 26.0087 29.5858 34.7603 32.5503 26.7314 29.1411 25.6830 34.5399 25.2541 29.2410 35.0203 35.8329 35.5759 34.3798 24.1219 29.3287 33.0116 33.9663 32.0337 26.5008 24.4873 33.5962 29.0206 29.0364 32.8426 31.4560 30.9897 24.0037 34.6222 25.9540 35.9769 31.4975 29.2204 26.3866 35.7690 35.1734 26.1681 32.4167 24.8262 29.1903 32.1607 26.3609 30.9404 36.0308 29.1796 28.2968 29.6309 27.8962 25.3051 29.3603 31.4450 27.3002 25.1758 33.7390 35.6941 
30.7668 25.7586 24.7304 31.5027 31.2577 28.7849 25.2093 28.4904 35.9247 31.1141 31.7704 33.2370 29.9225 32.5158 28.9894 26.0517 35.5722 34.1661 31.5335 34.6894 25.0804 31.2463 35.6735 34.6439 28.6339 33.1100 32.4875 25.3547 27.6131 30.1682 24.4715 36.0261 34.9061 25.1971 29.3897 25.3337 24.2684 24.1498 25.1116 30.3683 26.4776 31.9749 35.8583 35.7455 30.1619 32.7575 24.8200 26.5191 29.1172 35.7855 34.2205 32.7571 34.4885 34.4937 33.2341 27.7647 32.6370 32.0807 35.1602 29.3004 
31.9661 28.8914 28.4882 25.1075 35.1234 29.0926 30.5725 36.0110 31.7226 33.9285 25.1343 34.1635 28.5062 30.9595 32.1545 29.6893 31.5820 30.7972 35.2700 31.2838 33.7658 28.3736 27.2690 25.5453 29.9570 24.4939 31.1696 29.5615 29.3452 32.8430 32.5749 24.6008 27.2132 27.6942 29.7521 29.9923 25.4637 34.2517 28.8337 28.7783 28.5352 28.0879 34.1533 28.2924 31.6367 26.0972 29.5810 27.4107 24.2321 35.4282 24.9364 29.2329 25.7010 26.2217 30.9757 27.3700 31.7127 27.8073 25.0058 32.3983 
32.6388 32.8617 35.3460 30.5541 30.6665 25.7803 33.6597 25.4656 24.4142 24.3198 28.1125 30.9243 32.1122 29.6159 34.3442 33.1339 25.8725 26.3212 28.4110 31.0976 28.6211 24.2321 27.9825 29.1818 29.6144 30.4620 32.9227 30.3610 30.2754 27.7504 31.7028 24.5038 32.7086 28.4738 33.4056 32.2400 29.9313 27.2418 30.9419 30.3081 26.7729 29.9471 35.7334 35.5189 30.1531 30.2901 29.3184 28.8322 25.6580 27.4045 32.3025 32.7861 35.5505 27.8117 27.8070 35.8109 34.4753 29.0632 24.0764 28.5282 
34.5902 24.5615 29.4881 26.0693 32.1552 26.9205 32.1034 28.6501 31.0392 29.0265 33.7647 35.0992 27.7119 32.5224 26.3050 25.4792 28.7830 26.7758 32.0869 27.4934 33.7816 36.0242 24.2302 26.3921 30.1821 33.5253 29.2428 25.5970 29.6284 32.9341 34.8866 29.7947 35.9295 35.3996 30.0573 29.0831 33.9535 34.3156 28.1408 32.6899 34.3806 32.9708 27.5947 26.2804 34.8146 24.3404 25.9529 33.7339 28.4871 32.6601 28.9626 25.0547 29.3412 33.6637 26.6539 31.7773 28.1360 33.6208 34.4896 31.0473 
28.8602 27.7879 26.9892 31.9305 31.9573 34.1804 30.4403 33.4313 29.4231 31.5776 33.6351 35.0797 34.7059 33.7662 31.3657 34.2899 31.9727 32.6660 28.0875 34.9281 24.1094 30.3195 27.6924 25.3499 27.9094 24.7444 29.3177 34.5858 27.3582 25.2339 31.0829 32.3987 34.3005 34.3097 25.5695 34.5862 26.7310 35.8076 25.0352 34.8624 34.3251 34.5980 27.9902 28.4188 33.1577 30.9919 25.2801 25.2647 27.5205 35.5043 29.5039 29.6515 28.9196 31.0851 33.3909 28.0761 33.4023 24.5927 25.3506 34.3732 
32.1883 34.4540 27.9920 29.8190 24.3900 35.9563 35.1312 27.2594 30.7003 36.0062 29.6728 24.9893 28.6975 34.0717 30.0933 31.2537 25.2386 29.1168 35.0405 33.4030 30.1689 33.7982 30.3815 32.4082 26.4813 27.1100 24.4744 28.7952 26.0461 35.3735 35.3309 32.5764 29.2913 32.0954 31.5530 31.3723 26.0755 27.0909 27.4629 25.3940 24.6077 35.3904 33.4871 27.3876 29.0529 31.6007 26.1156 27.9109 24.8762 25.4645 35.5847 28.6013 24.9382 27.3630 34.2832 35.5156 30.8160 27.4691 24.8593 30.9640 
34.5752 34.0578 35.0904 32.5121 35.7914 29.9589 33.4379 28.9534 30.5831 25.0139 25.8702 34.2807 31.6885 27.4298 35.0118 25.3973 28.2146 27.6575 29.6802 28.6637 28.3251 34.2803 35.3177 24.7524 33.3237 26.9183 24.0911 33.1724 26.2393 34.0923 31.7634 33.9043 27.9340 32.5878 27.9098 27.3443 27.0740 32.7002 34.7188 34.3864 29.5131 33.8643 32.9759 24.9911 33.4372 34.5480 30.1484 34.3207 31.4149 33.6200 33.7269 33.6333 26.1993 26.5650 27.9792 31.6128 29.0651 30.0228 34.2036 33.4890 
27.5253 29.7319 27.7394 32.8012 35.6093 29.7440 32.4886 24.1498 33.0476 25.7986 33.8352 31.2937 26.8753 32.5871 30.7220 30.6430 29.7745 35.9251 24.2001 29.2255 32.2290 35.6721 34.5814 32.7865 27.5378 26.3414 28.7426 30.7363 34.4096 33.1074 30.2042 34.4239 31.7740 26.0950 28.8069 30.7363 27.2980 35.2123 34.8106 31.8857 29.8487 35.7205 26.5959 35.2604 27.0564 35.0985 28.5006 26.0685 27.0145 27.6630 31.8702 29.1749 24.6077 30.9026 31.9525 30.0048 35.7400 26.4207 26.0836 35.6390 
35.8821 31.4744 29.1943 35.8157 30.4454 27.7442 24.2875 26.6546 33.2381 33.4845 24.2438 25.2904 24.0731 33.6546 30.2420 33.6682 34.8183 30.1208 27.0545 24.0793 25.8291 34.8176 29.1308 25.0293 26.9447 27.3053 28.9336 31.0484 24.4979 24.5020 29.9104 31.6360 32.4159 31.3312 27.5921 27.3498 33.4254 32.0968 24.9357 27.3990 35.9119 31.9896 29.6398 29.1146 28.7085 31.7784 35.3170 33.8290 31.2328 29.3137 30.5119 27.3340 33.2837 27.1680 25.4208 27.5793 33.9428 31.7450 32.0024 31.5258 
34.0622 35.2072 35.4672 36.0033 35.3541 25.7245 25.2015 24.6581 32.9260 29.4260 26.8415 35.6743 30.2108 24.9970 35.1029 33.8900 27.0358 35.1242 29.7319 26.8863 33.8474 31.1758 34.3512 28.3380 26.7373 27.5143 27.5470 31.4457 28.6486 25.8938 26.9550 28.9248 26.8437 29.9137 35.3658 25.7829 32.3491 30.6382 25.2096 33.2190 27.5514 26.9267 35.4962 25.9841 35.4683 29.7121 28.1209 32.0278 32.7949 29.5469 34.8649 35.9449 24.4858 33.0780 25.4020 33.5110 26.0403 27.4460 27.6509 27.1129 
30.5831 26.3935 27.0376 34.6475 31.8122 33.0189 31.6183 34.0449 35.4954 24.8295 34.1878 24.2930 34.3321 24.6485 29.6912 28.8602 35.2942 26.1148 35.6655 29.8538 30.0198 29.8549 33.3626 31.8423 33.4809 31.2632 29.9787 27.0854 33.3692 35.4734 27.2749 24.9955 35.5781 24.6929 24.8149 25.8758 24.1641 25.6778 35.6376 29.5579 33.1977 34.0600 25.9936 31.1854 28.5587 27.5297 33.7196 34.5998 25.7083 29.1550 27.9270 35.5726 33.2014 31.6811 29.3056 29.4106 31.3752 32.8790 29.6464 31.2739 
33.2275 28.8969 25.3290 31.3716 27.8077 35.1774 28.2686 29.8046 33.6204 30.0323 32.1391 25.0870 26.2702 34.8300 26.0002 28.9163 28.0130 33.3645 33.1419 29.3625 27.1717 28.5891 26.6131 35.2035 27.1261 35.5443 24.1421 27.3131 25.1876 31.9110 33.4210 34.0695 28.5447 26.0032 30.1241 24.3165 27.9212 35.0070 24.6988 27.3770 24.0966 24.9797 27.2712 29.2597 27.9355 26.5786 26.8661 30.4855 32.8037 32.8015 34.9531 31.2720 24.4230 25.0774 32.7483 28.6791 27.0373 34.8205 28.7217 32.1104 
34.3453 33.2514 29.6368 25.3466 28.6417 25.9029 35.3060 25.9015 32.8783 24.2776 28.8561 25.4817 26.0667 30.4065 24.5501 34.5352 27.7265 31.6826 24.6342 26.7060 25.3664 33.4115 31.4821 30.2482 26.6429 30.1865 26.6763 29.8450 30.5053 27.7732 27.1944 34.1929 30.5192 28.6299 34.0783 32.9572 25.1663 32.5944 31.8882 29.9960 27.9810 26.0248 34.8091 32.8882 28.2634 34.9872 24.8608 29.2358 27.5844 35.2920 30.7646 34.3387 30.6279 35.6203 24.4601 24.1083 31.3543 30.2883 28.2241 30.3606 
29.4606 29.5876 25.1454 31.8475 33.8892 32.7152 29.8153 26.4699 28.1925 30.8979 32.3175 26.3318 35.0074 26.0561 27.9781 24.1462 25.8141 32.2856 26.4549 33.6465 29.8281 33.4610 24.0026 35.9236 31.7751 32.7097 25.0179 30.6000 24.4238 34.6916 24.5042 35.7991 34.2586 24.2387 25.5273 31.2585 28.9112 34.9806 27.3678 25.4641 30.1201 34.5884 34.3765 24.5718 27.9785 33.1170 33.2657 35.8516 32.2698 32.7861 24.9522 27.8176 25.1178 33.1496 34.6101 27.9153 30.4212 34.8822 29.6214 27.2341 
28.1936 27.5128 30.0782 29.5480 25.5482 24.6551 28.6596 34.4735 24.4840 35.8057 28.6071 27.3340 29.7418 26.2305 33.2143 30.2416 29.4242 30.7594 30.8281 34.2821 31.4759 27.7959 25.3734 35.7940 28.5568 28.1555 24.0353 32.7138 34.5711 33.1632 32.1042 35.5186 29.2814 27.8385 26.7945 32.9723 26.4703 24.5883 32.2312 27.3703 29.8818 34.4415 26.7563 31.3547 32.2430 29.3765 33.3821 32.6980 26.1512 25.4725 28.2704 35.7275 25.7035 25.5438 30.1069 29.3530 31.5577 35.2160 29.3078 26.4681 
34.5572 35.4991 35.7011 24.6915 26.7156 29.5604 35.9835 33.2205 30.4587 34.7114 31.2974 27.7908 30.6893 29.0103 30.4546 26.6469 25.1347 24.3338 24.7649 29.1936 29.4077 34.6508 24.5505 34.2917 35.6493 27.1140 26.8761 24.2673 25.9095 33.8393 30.6775 35.3383 27.1037 30.6588 28.9806 32.0539 31.9319 25.4435 34.2289 31.3528 25.3073 34.4863 30.3143 25.3727 24.9001 28.5399 27.6608 28.2792 26.3877 32.3994 30.7146 24.8788 26.7523 26.4288 34.0424 25.9584 28.2366 26.4457 24.8373 32.1736 
27.8441 26.4732 35.8447 27.2003 27.3604 24.3327 33.9792 30.6044 32.6781 31.1902 25.5640 30.3096 29.2681 32.3296 31.1072 29.6849 34.9494 28.8969 33.7827 29.1326 24.2651 31.6242 35.8527 32.8004 30.1865 27.9774 26.3722 32.6583 24.9140 34.4000 30.5156 24.4726 29.9012 26.4696 31.8265 31.9753 32.8037 27.1001 34.0016 25.3058 29.1091 25.2746 29.4393 34.9119 30.8872 29.5134 32.8676 34.1253 35.5167 24.8200 31.5148 36.0026 25.4568 29.0155 34.2006 25.7685 28.0200 29.2406 34.7169 30.0701 
35.7709 34.3960 35.2249 46.2393 44.4036 41.0473 37.5561 26.6758 25.0044 17.2235 21.7889 23.8187 28.0992 29.2357 32.1344 43.1505 44.4259 38.6312 32.2653 34.8402 25.9655 23.7696 18.9009 12.8192 20.8196 29.5038 35.8682 39.2315 46.9979 44.0014 37.8552 41.0403 29.2411 25.4182 19.9570 11.8583 22.3583 21.6046 31.2824 34.6503 44.6238 38.3330 47.4585 40.0818 29.0800 27.5489 17.7724 16.1624 22.6897 22.0356 23.0995 24.5427 39.3011 42.2501 36.4959 46.0779 41.5371 32.4859 30.7772 24.5854 
24.9706 33.8315 46.9423 42.5033 40.0592 38.2570 30.9737 24.2685 19.5559 14.9595 13.9613 25.8069 33.8766 35.1541 35.0888 39.9575 39.8964 39.9479 35.3773 24.5035 23.8026 11.6346 19.4908 22.7429 27.3762 36.2696 42.7262 39.0815 46.3881 44.5109 37.7187 26.2496 23.0347 22.8681 10.9314 24.4129 30.0701 27.9194 42.9813 38.2759 40.5399 41.9338 34.0903 28.2374 17.3099 17.0727 14.5014 19.3736 25.3264 26.8660 31.4218 40.1772 40.7762 36.4066 43.8886 26.3209 30.8269 24.1889 11.4137 13.1961 
35.5351 41.7067 39.1705 48.3964 38.6103 34.5755 39.4181 29.1601 21.1805 20.4808 14.5935 24.2650 26.4578 28.9629 31.7837 45.5757 48.4191 46.4321 35.8598 35.5090 22.1924 23.3135 23.2302 22.6636 19.3221 17.2480 27.1418 39.0091 45.7347 42.0011 44.5071 43.5643 35.0768 23.3575 20.7055 19.9759 18.6236 18.7408 27.4668 26.2064 35.5579 39.4070 44.8076 48.1086 45.3199 36.0476 32.9560 27.4532 15.7995 13.0734 22.8846 15.4841 32.6882 30.0856 42.1698 48.2339 46.0566 37.7721 37.2248 32.9494 
24.2104 41.7679 45.2228 43.7762 48.8175 42.4056 33.7540 27.3527 21.9765 22.2249 14.6318 13.2447 25.9956 22.9981 36.5781 39.1692 48.3092 44.9226 44.9275 33.9707 33.7175 25.0466 19.1417 16.1412 10.5987 24.3277 18.0507 26.8056 39.6169 45.4319 42.7228 40.7078 34.2781 36.3512 30.5172 21.4045 15.7467 13.9480 14.5696 21.9495 22.5105 32.4536 43.0862 41.8163 38.1183 46.5417 35.1324 27.1443 19.4728 22.2505 14.7018 16.1907 21.4407 21.9230 30.5317 41.0650 44.3438 45.9355 40.3084 45.0065 
31.5555 33.8108 47.7598 40.4056 34.2128 26.8555 30.1153 13.0820 19.8027 19.3834 26.7693 31.8521 40.1876 39.8323 43.9535 37.7174 24.2572 23.6006 13.4661 16.1605 16.1841 32.2748 40.7452 41.0010 42.0267 47.4836 31.6293 31.7157 19.3745 11.8441 12.0783 25.5561 35.7218 43.9844 48.6975 38.1681 35.8590 34.6789 30.3785 23.1508 14.7885 20.0223 27.5827 38.2921 35.1351 43.0436 45.1359 31.7500 29.2927 16.4292 21.8800 13.8714 22.6016 26.2231 37.3841 45.9870 43.6230 43.5310 35.1972 23.1640 
28.8411 34.9491 42.3064 35.1881 38.3215 29.9606 28.5580 27.0297 14.1518 17.7457 21.4327 32.0057 31.2280 35.0438 40.8649 35.6725 36.6971 28.3977 24.3614 25.5593 21.4584 23.9996 33.8670 32.3959 43.1704 35.3792 35.4439 31.3646 29.4939 15.9150 22.5751 18.7745 23.6087 29.5751 32.7677 39.0122 33.9751 30.6442 27.6479 23.5429 17.0723 23.2724 17.5351 33.1531 33.1440 43.3795 38.0439 38.4980 34.6423 27.5154 28.0469 22.7719 17.6894 24.6430 35.0257 32.2925 41.6378 38.8235 40.2336 28.6438 
28.4004 39.8835 40.4039 42.5002 42.7544 32.9513 29.7748 20.6785 16.1984 15.6932 22.6271 35.4492 41.4701 45.5868 42.5029 33.1578 33.9853 19.0391 14.6295 15.2926 24.0683 24.7247 37.9322 47.5312 47.9608 38.2376 33.4948 31.8874 17.4009 14.9492 15.0030 23.2439 26.7731 34.7717 40.3571 38.0118 39.9174 35.4881 24.5046 21.6087 14.4941 14.8137 24.6532 35.3538 40.3240 47.4154 39.0893 39.7996 24.0185 18.8891 14.1087 10.7992 24.6741 23.5884 32.7261 43.0726 49.6394 44.2687 32.6956 26.7285 
34.5403 36.1093 40.7151 40.9382 35.0919 35.8170 38.3182 24.3964 23.4916 19.8293 22.4225 19.2891 21.3046 27.4460 35.0779 37.4223 36.5610 37.2467 34.3636 36.4961 31.5585 28.1344 24.4481 23.8918 18.6707 16.1746 18.0070 25.5850 30.6991 32.8416 38.4103 42.7735 43.9582 38.6373 37.5257 32.3157 23.3608 27.6761 24.5498 25.1861 26.0930 19.7390 29.0946 32.1618 37.8563 34.0971 44.6772 39.5753 39.6810 30.0522 23.1454 23.7854 21.3468 22.8669 23.0587 27.3852 30.9244 32.8075 37.6391 38.2598 
28.2605 33.4574 43.3897 41.2148 37.1533 33.4367 30.1819 25.1225 18.3349 20.6586 25.6020 33.0963 43.5086 41.2493 42.5565 39.4724 28.1088 20.0380 20.8383 20.7693 19.1773 21.7280 28.6830 45.8125 40.7795 44.9571 35.8433 33.5400 20.4141 16.7765 18.4715 25.1560 29.8314 38.2776 42.4148 37.2415 43.5514 33.5848 27.1955 25.4418 21.9488 13.7210 18.8011 31.3587 38.3525 38.5398 46.2625 41.0847 34.1759 30.2528 21.4883 19.2692 18.9633 20.6217 26.7159 36.1302 39.6474 38.9016 38.3285 26.8390 
24.8898 38.8050 37.9200 43.1023 39.3679 39.0897 38.8469 33.6141 23.2220 23.3015 15.7651 22.7762 14.1679 22.2549 24.9245 33.5719 33.8683 43.8230 41.0436 46.3503 42.8637 33.6655 31.6634 20.0828 18.4649 14.0268 21.8696 24.6858 24.1681 32.5447 38.9398 35.0152 38.5666 47.4021 38.5867 39.4744 26.4805 23.5885 16.2014 22.7814 20.9013 18.7308 17.3381 24.0946 27.3654 39.5289 37.2888 42.1669 37.6379 43.4843 36.2680 32.7730 19.8359 17.9304 20.1922 22.3295 20.9811 27.9966 27.5978 31.8755 
30.7425 37.9754 43.1891 42.7390 39.3712 44.1962 37.6507 28.8875 18.4354 20.9146 13.3554 11.5834 18.0495 28.5362 31.8329 34.7209 42.0029 49.4517 45.4220 42.4498 36.5443 26.7467 27.3971 19.4725 13.1377 21.0020 17.6963 21.9950 31.4431 35.5000 38.2189 46.1688 41.2444 37.8473 39.7422 36.6668 19.9717 24.1381 15.0715 13.0632 12.4505 26.7096 26.7751 36.4730 37.2131 43.4866 46.5014 47.9382 34.9641 30.7690 20.4861 21.7675 16.6897 20.8294 17.9138 26.8031 26.0950 30.9324 40.2060 48.5869 
32.1442 37.6735 44.3604 43.7898 48.9829 39.6100 30.8540 32.2440 26.7408 16.4025 20.5381 18.3095 21.4488 30.5328 32.5922 36.8965 46.8663 42.4024 35.0662 30.2846 28.0563 19.4062 14.6652 19.9163 19.5571 22.3479 28.1336 27.7408 44.7841 44.5111 41.6795 36.4173 38.1247 30.4026 18.5294 19.9396 19.1040 16.5998 20.3531 24.9301 37.6115 35.9893 43.7921 48.7451 39.0895 33.0155 37.5442 28.9469 21.4450 18.2254 11.4926 19.6335 21.1172 25.5808 30.9373 39.5190 43.3949 42.9109 40.4535 32.7141 
28.5487 38.7440 41.5082 37.8523 40.9910 40.9896 40.6828 37.1377 30.4491 26.8964 15.8185 16.1749 19.8110 17.9418 31.5212 25.9806 34.4269 41.4225 35.2909 42.9488 34.1235 37.9459 33.6538 24.4063 27.8152 18.6115 23.3455 16.5313 19.3346 30.7055 26.2310 30.7317 36.0663 46.0435 35.8849 32.1875 39.7325 24.5143 28.4302 28.1053 17.0588 21.5861 26.6075 21.9976 22.7838 35.1121 36.0863 40.2796 45.1335 37.2871 43.0745 32.8185 33.2167 23.3482 19.4809 17.3597 22.8378 23.1099 19.1903 27.7754 
29.7481 35.0096 45.5182 47.1441 42.4431 38.1345 30.4926 24.4804 17.8574 16.5100 14.1993 18.7899 18.0614 29.2729 29.1877 35.8468 38.3537 45.3945 37.4028 35.2864 28.8721 27.2127 18.7626 17.8971 12.5872 22.7502 17.8389 27.1988 31.4798 42.2281 43.6363 49.2067 41.6685 41.6546 37.9759 26.9402 21.5901 22.7819 13.9352 18.9154 20.1960 34.2972 39.5432 43.9576 47.1020 45.4469 38.9672 40.7480 25.8723 29.2668 20.9359 21.6952 14.8328 19.0264 26.6645 28.0073 41.5617 40.1772 44.9136 48.8988 
33.2631 32.5615 40.7387 40.0448 45.5522 43.5135 32.7647 29.3747 31.0824 17.2672 18.6600 20.1160 26.9831 21.2942 28.2209 38.3987 38.3702 34.4489 39.7835 34.3838 38.8619 30.9972 27.4411 28.5552 25.3819 16.9820 26.2182 26.1982 26.6734 36.0118 35.1193 43.7258 36.6988 43.0794 34.6580 27.4547 22.6351 22.3977 23.4841 17.3228 25.5161 26.6178 31.5342 36.1283 41.9434 34.2076 42.6871 35.7141 38.8656 27.1743 25.5406 28.3597 25.6640 24.0535 24.7123 23.6286 31.0698 35.5657 38.4197 39.0139 
30.7568 30.4465 35.8128 42.8655 38.2801 43.9991 37.3190 28.0925 30.2355 28.6748 15.7433 18.6039 18.7363 16.5419 22.8501 32.1103 36.2311 38.3240 44.6487 37.9792 35.8137 40.8654 35.9729 25.2820 28.9272 17.8594 18.2777 19.9084 22.4766 26.3122 35.7893 38.1887 33.3000 34.4444 43.1842 35.8281 37.2250 27.1919 22.5461 27.3743 17.0854 20.8361 25.6900 23.2508 30.3844 24.8467 29.9052 41.4951 35.0381 39.2123 35.4702 41.2383 26.8020 24.4047 20.5264 26.2182 13.3387 21.5827 20.8550 23.9670 
27.0824 38.1203 36.7182 40.8167 38.6049 42.6665 29.1573 31.1564 21.1538 24.6409 15.9524 21.1574 18.4404 27.6077 28.6911 41.7983 38.9014 45.3085 44.0046 34.7437 28.9773 28.0688 21.8540 20.3247 21.7831 22.1205 19.1262 32.9311 33.9340 35.5011 37.7656 38.0625 36.6877 29.4340 29.7622 24.4747 18.0805 16.2138 15.5198 28.5203 28.1273 30.9865 42.5790 34.9057 41.0299 43.4027 41.0141 25.7749 29.5514 27.1423 24.3613 24.6047 15.3662 21.1386 31.1652 40.1686 39.7490 42.1170 35.3176 40.0279 
26.2760 42.1307 40.1317 47.0287 38.8451 30.8415 24.3370 19.0405 19.1752 19.5516 17.0312 22.4861 32.3838 44.9532 38.3060 36.4755 31.7606 28.7161 26.7456 23.1604 15.0946 21.5373 26.8234 32.0104 44.7619 43.5953 44.5503 42.7948 26.6791 22.0618 13.6412 20.7571 20.5604 29.5806 28.6862 39.0231 38.7712 39.1912 42.6814 37.0817 29.8035 22.8459 21.5674 15.4343 22.0363 24.8876 38.1926 40.1233 43.6209 39.6101 38.1169 22.5113 25.9638 16.9030 13.9054 19.1836 30.9761 34.5208 36.4414 41.8306 
31.1421 32.3240 37.5355 43.4115 42.5755 38.6982 34.8363 27.2288 18.4128 14.0898 20.7811 22.3786 22.7188 21.7725 32.3935 37.9021 43.4003 43.8388 39.0265 39.9676 34.1245 26.6117 23.7401 20.7135 19.4116 15.1044 26.2716 32.7860 35.7710 39.3240 38.8783 41.5105 32.8248 29.6894 30.6898 16.3157 22.2143 17.4271 24.3070 20.8704 27.7921 30.6916 42.9717 45.0107 44.7348 35.1978 36.2263 33.5025 21.2598 25.6927 14.2865 18.9865 21.5345 22.3358 37.3268 38.1527 45.8281 37.3389 44.6804 42.1113 
29.7793 33.5955 38.2882 39.2570 45.4788 37.7171 31.0806 26.7689 31.4416 23.4211 19.6620 22.3360 15.6057 29.3483 30.2411 36.5924 42.3301 41.7646 42.5535 42.6153 34.2203 30.2243 30.6954 20.5443 21.9657 25.8915 17.6732 27.3834 21.4250 26.3878 29.9536 38.6526 40.3809 35.2698 37.9023 38.6286 27.9722 27.5859 24.6164 22.9904 15.6561 22.8803 31.1704 25.1837 38.2491 43.4180 38.8503 35.6262 42.9412 38.0385 32.2666 27.6102 23.0217 15.0511 23.4280 24.4191 27.0137 32.8483 28.9665 42.7579 
29.8417 37.6570 41.6643 38.1337 46.1419 41.4995 29.7408 33.6235 19.9875 13.6796 12.8280 19.8401 17.3603 22.4517 30.1885 32.9343 46.8530 46.4827 42.9656 36.7467 36.7744 20.4711 15.7887 12.4713 21.2193 18.5793 23.4753 34.8505 34.8788 38.2861 40.2723 44.0685 35.6235 33.0224 35.3220 26.8051 16.7937 22.0056 19.1145 22.1034 23.2371 33.9955 39.5705 37.2169 43.5294 45.0718 32.4193 36.1643 30.3446 16.2215 17.1046 11.7595 20.1056 27.3057 31.8437 29.8439 43.9624 44.9137 38.4624 35.4745 
29.8854 29.0210 38.6378 36.2892 47.0325 38.2410 33.7387 25.9250 21.4466 25.7283 15.9478 21.8276 18.6095 19.1829 30.8004 37.6624 31.2481 45.6552 40.4705 45.8088 39.9595 39.7848 26.5972 20.2628 15.7385 18.0137 20.5864 20.9369 28.0654 32.2934 39.3129 41.3306 34.7946 42.3561 45.0426 35.4503 37.7498 24.7401 22.2827 21.1901 13.3013 22.5931 17.4460 21.9409 25.3415 40.2555 33.0786 35.2796 36.5139 34.1983 30.2432 36.7576 27.1158 18.8256 19.0554 22.8141 22.9512 23.4063 29.7463 33.4762 
26.0590 33.4436 38.8249 41.7848 42.5722 34.0582 30.3299 26.9450 21.1241 14.6946 19.1064 16.5727 16.3218 27.0620 33.3793 37.0183 42.1883 40.2596 38.4041 39.3723 31.2780 23.9000 20.5790 10.6051 14.7531 19.2064 24.1793 31.9541 36.2601 39.3654 42.3175 37.1907 41.4338 34.2190 21.4009 22.1022 22.1928 18.8230 15.4352 19.2243 32.4192 42.8326 46.3957 48.1395 43.4007 40.1506 29.0284 21.1716 21.3189 11.9235 13.5061 15.7231 17.0900 30.7336 34.3057 39.4032 38.3136 39.0705 42.5527 34.4024 
33.2194 35.8685 36.9550 47.1315 38.3517 37.7406 25.9408 25.4453 16.7407 23.2634 16.3406 25.8889 31.9872 39.2912 37.5751 43.4289 36.8162 31.3377 26.7043 20.1941 16.6629 13.2590 22.0613 28.1936 27.0563 33.1810 38.2686 44.5323 37.7158 33.6835 24.6716 23.8462 16.3875 23.7100 23.0742 25.3557 33.4573 37.4594 42.8146 46.9368 34.0586 28.0770 20.6412 19.6025 19.3939 22.5548 17.9909 31.4263 33.4172 38.1911 47.9840 44.9496 34.9163 29.4409 30.0664 15.2331 14.5865 12.5258 24.0905 32.3692 
26.8147 35.6590 40.0448 45.9509 36.8047 34.5668 32.1102 28.8161 19.8025 24.7117 12.7327 15.7631 17.2377 30.5339 31.8565 42.5577 42.3353 40.3180 40.9768 31.3900 33.3716 23.6424 18.1504 14.9351 23.8500 24.3540 25.5352 35.4305 35.3653 38.1625 38.1975 42.2875 40.8422 35.7815 29.0890 17.6211 20.4405 16.3431 25.2666 21.2145 25.9342 40.5964 40.3963 46.1159 40.5779 44.5760 35.1950 28.6720 21.1011 15.5465 20.8647 13.8917 21.6347 25.0307 29.4740 38.5146 41.6640 37.7865 36.9201 32.8873 
24.0037 35.8809 38.8854 39.6478 39.0820 40.1985 29.1954 17.0442 20.4087 9.3816 15.5970 17.1616 29.4168 41.1780 46.7701 48.7631 43.1989 41.3260 32.5536 21.2629 18.8219 15.6749 11.9467 28.1057 30.9185 40.1609 43.7781 46.2128 37.7389 37.9744 22.7584 17.1595 14.5680 12.7434 16.1829 25.8339 32.3265 40.2639 41.1807 47.8568 36.6706 38.2492 24.0261 21.1555 22.0908 12.8070 23.5331 19.2486 29.1826 42.2556 44.3969 44.3432 41.3229 40.1345 30.4834 20.4561 20.6186 21.0214 15.5366 30.5863 
29.7191 30.7809 40.2461 40.8522 38.4162 38.2877 29.6741 25.9852 14.3845 21.9506 15.3331 20.7709 18.7554 34.1252 31.5834 46.5455 49.2307 43.8259 32.1281 26.4022 27.4004 24.5293 12.1374 15.5811 16.0990 29.3377 36.7325 39.3069 47.8725 46.4693 45.2809 35.0506 31.9822 24.3381 22.8090 16.0267 11.6986 15.0845 29.6455 27.8207 42.5484 40.1427 49.7552 41.3569 30.9477 30.6163 18.8822 21.9439 12.9733 18.6547 24.8714 24.3326 30.0769 35.7262 45.0236 39.7163 36.6515 36.7801 28.0335 27.4249 
34.0413 33.0558 47.1407 40.4858 42.9716 33.3002 24.5335 20.8579 19.3251 24.6109 20.9691 34.9149 40.4454 42.1688 37.7588 36.3252 35.1673 18.5778 16.4828 14.8446 16.4814 24.9002 39.2064 39.6818 38.7210 37.4091 36.8732 29.1920 25.3144 19.4178 15.1449 29.9338 33.3385 34.7259 39.0679 38.9667 33.2560 32.1431 23.5196 14.6488 18.7324 21.9010 30.1836 29.2278 38.4110 48.1184 47.2263 36.9325 25.7795 18.1771 16.9523 13.0915 27.4217 25.7377 42.5988 37.5728 44.5405 40.3800 30.6777 23.0052 
26.3583 41.0159 46.4368 42.2493 40.7608 31.7019 33.7671 16.3022 12.9129 14.5288 17.3474 27.3406 36.5210 41.0073 36.6456 46.3380 32.6653 36.2698 29.7780 13.3780 19.4014 20.3952 26.7193 33.1080 42.7399 45.7245 40.1983 34.6581 36.5698 29.7383 23.5417 14.2801 22.7594 25.8083 26.8188 40.2959 37.9220 43.2431 38.2278 39.6924 34.6257 29.0349 24.9492 22.7362 17.1803 26.8355 25.3635 39.8799 43.7804 46.1271 40.0190 30.9997 26.2720 21.2123 19.5439 23.5599 27.3578 29.3063 32.6175 39.3324 
29.4044 37.9153 42.9343 47.0600 32.8872 33.2271 20.5219 17.8180 12.8334 24.4642 23.4341 29.9580 43.3039 38.5418 36.8787 37.9667 22.7553 15.0891 20.0411 17.1499 28.8686 35.9479 39.7371 45.5263 39.9928 36.7381 33.9146 17.7287 22.0216 15.0298 20.5751 23.1473 34.8849 43.6780 37.3212 37.6177 33.0966 21.7189 14.9764 15.7210 20.7521 20.9265 32.7448 37.5577 37.7375 37.7271 32.0695 28.1809 24.9757 13.3169 13.6127 22.6827 23.0514 38.0797 38.6815 40.4707 42.4664 37.1812 19.4650 19.7029 
32.7824 35.4013 43.1513 41.1918 33.3502 32.3278 30.7077 20.9117 17.5616 13.7516 16.5663 28.2534 33.5483 39.0958 42.7483 35.1686 36.4193 34.1711 32.6901 24.7323 21.6053 22.7476 22.4460 19.9948 32.1531 33.7879 40.9765 42.0481 34.9330 30.3235 28.9688 19.6130 16.6861 14.4412 17.6487 22.8212 24.6169 36.6319 36.9189 39.2860 34.0266 30.4264 29.7900 19.7448 23.9866 16.7953 22.7954 28.3563 26.0288 38.4970 39.7943 35.6950 36.2334 30.2115 31.9464 28.6318 21.2604 17.4355 17.5393 23.3659 
24.0823 39.5420 44.7246 46.4448 44.1481 37.6568 27.1227 25.9280 20.0148 15.0963 19.9849 26.8917 28.6090 32.2573 36.2212 38.5804 37.7180 29.1157 25.7280 21.2087 14.0566 16.2058 22.0113 26.2517 30.0016 37.2407 45.0267 42.8906 32.2107 26.5808 24.5923 20.3293 14.7924 24.1676 21.5377 26.5376 36.7649 44.3524 35.8989 42.4474 31.4146 22.3716 19.3152 18.3085 14.8759 26.1938 22.6466 38.9060 33.7466 36.3569 36.8069 42.2168 37.1631 28.3435 26.3122 22.2013 23.8705 27.9548 30.8444 31.9461 
30.8956 39.4336 39.5974 42.0363 46.8106 34.0587 31.4438 33.3497 25.9809 17.4067 16.1807 15.1859 16.8501 23.6637 29.3002 37.8865 49.0356 37.8470 38.2559 29.2626 29.5323 21.6039 13.7374 19.9304 19.8256 24.4574 32.5921 36.1610 38.2161 43.1261 47.4378 41.8185 41.6468 30.5036 27.6898 18.8469 17.3307 13.0762 15.9185 22.8611 32.9682 36.1319 38.8105 38.0410 39.3573 41.1814 33.9421 23.7546 20.6031 10.7425 11.6026 20.7221 21.7875 32.3239 33.6417 47.9400 38.5679 46.6194 37.0306 26.8016 
30.6452 33.5252 47.7151 41.2529 39.2562 38.7620 38.4000 24.4824 19.1655 20.1992 13.2109 12.8291 18.7599 25.6468 38.5677 36.1103 48.6031 48.2751 45.7563 32.5005 29.7102 22.3788 25.1075 10.5893 10.8242 15.1053 21.3766 29.6578 33.7933 47.2711 43.4118 49.0611 45.2724 34.1690 31.5485 23.9859 17.2146 17.5982 20.4758 24.7824 28.2999 31.1446 39.9752 49.6628 40.3528 42.8835 33.5415 37.2749 26.5876 16.4501 20.2041 19.2114 12.4077 23.5028 36.1555 40.7686 43.7731 38.7943 45.2266 42.7830 
35.4646 35.4780 37.3539 40.3550 38.3622 37.2240 31.0864 22.7959 18.8444 12.2326 19.2947 28.9564 24.7471 31.3671 42.8636 39.7815 39.4978 29.8952 30.6365 19.7036 15.4996 20.3918 14.4383 23.9745 32.4388 41.6363 46.3351 37.8753 42.8424 31.7850 30.2816 19.0999 14.9406 18.7319 17.1666 22.0404 26.4440 33.3483 46.9012 41.4629 45.3279 29.9568 32.9891 17.3461 18.3272 15.0005 24.6997 24.2448 31.2329 36.3487 48.3386 42.0269 33.9831 28.4909 28.7518 19.7386 17.7840 14.8201 20.0448 27.7847 
29.5406 33.5848 35.8956 38.0802 42.6702 33.6437 31.6486 20.7756 24.8114 13.2187 17.9847 19.1082 26.5453 39.8323 41.5444 42.6346 36.3555 39.1189 27.2185 19.8007 19.9331 23.9433 24.8578 21.0209 30.7559 33.1634 42.1031 42.2453 42.4509 34.2776 33.3231 23.1818 17.8762 16.7051 24.5144 28.5012 27.9923 38.2543 35.2001 39.6505 35.7929 31.1492 29.7761 25.7107 20.9752 18.3334 21.4680 19.6840 30.6163 39.3569 34.1597 42.4861 37.1547 34.9041 33.2341 31.3235 18.1452 17.7995 19.2096 18.7337 
26.1545 37.2301 37.0039 44.8597 42.1159 33.9911 30.7743 20.6414 22.1169 25.5723 22.7121 35.5808 42.6517 45.5983 35.8229 36.9780 31.0988 19.7673 21.3027 19.6922 24.9255 27.4865 29.5363 39.5122 40.9042 45.1460 33.9636 26.3889 19.4483 21.8745 18.8200 24.1643 32.8481 37.1484 42.0557 38.9684 40.8135 31.4954 21.8887 20.5554 14.8372 22.4996 30.5570 34.4191 33.4560 35.0899 36.9469 34.3121 27.8942 18.8380 16.8710 13.3219 26.9516 25.1060 32.9866 44.2686 43.8543 35.5043 34.9124 23.3873 
24.3422 35.9905 38.3697 41.2425 43.0979 29.3166 24.7874 18.1550 19.4387 17.4181 31.5329 30.2066 44.1624 50.1312 42.0688 38.7064 25.1866 17.7194 16.1348 14.9991 27.5425 33.7719 42.1944 47.5171 48.3573 35.6699 28.3740 27.1421 18.7235 14.5728 21.0474 23.5288 34.8436 45.2607 47.1319 38.7580 39.5750 31.5292 21.4903 14.5456 22.6757 19.2534 31.8490 40.1556 42.5452 47.1333 40.4108 25.6262 22.6550 16.5020 17.6411 25.2974 32.8390 42.0852 45.8687 38.8255 46.1264 35.3470 30.2120 13.2060 
31.5071 30.3462 36.6107 38.6893 45.5604 42.8918 33.7633 32.1046 28.3337 22.8577 16.1567 15.3482 25.9952 26.9467 30.3955 31.1940 41.2203 39.3286 41.6774 34.8559 39.2224 29.1269 26.1037 26.0756 20.7749 14.8812 21.2606 28.2754 25.9128 33.7993 40.8501 43.7985 41.4138 36.2297 34.4368 30.2800 32.6419 18.9889 22.8559 19.3140 19.3678 25.6036 29.9304 27.9850 31.0956 34.0094 35.7771 37.4168 30.8219 25.6021 28.2777 18.9879 16.1107 14.3997 17.2542 23.3894 24.4656 29.6396 41.6298 40.1532 
27.6388 41.6688 40.9344 36.8213 39.6225 33.2428 31.9644 26.2984 14.9493 16.5426 22.4119 22.6485 35.0749 32.0629 42.1071 46.5702 45.0406 31.2730 26.8028 22.5754 16.3260 17.9722 15.7631 27.1493 26.7165 38.9010 44.9105 47.4412 37.7306 36.4598 33.0080 29.3038 24.6391 18.3406 20.1702 16.4429 31.9993 36.6776 39.7713 43.6607 36.3792 37.0118 31.3474 21.2990 21.1175 13.9727 16.0292 26.9176 27.0947 39.4409 42.5749 36.1273 43.0568 42.4995 35.9860 25.9462 20.7706 23.2863 16.4481 24.7488 
32.0700 35.9270 46.0664 47.0233 38.0722 37.3594 26.1317 13.0016 11.8143 13.1851 20.6026 32.5702 46.5346 46.8849 48.0136 41.0053 24.4386 22.9657 21.3305 22.1853 18.0982 23.2729 39.1643 38.3771 49.8789 46.5260 38.8149 24.2987 15.3701 15.6210 22.1259 28.6364 29.8530 37.2934 42.2965 47.0608 37.8995 31.8064 21.0852 11.6247 18.9693 19.9275 30.0616 31.4037 41.5582 46.1573 42.0035 36.9515 23.2610 15.7532 10.0067 18.6147 27.6506 28.8793 40.8209 46.9311 38.1265 38.3925 29.3815 18.3166 
32.8485 32.6025 44.1224 44.1720 38.9286 45.4076 33.8422 30.8023 23.2227 24.3516 14.5351 11.5571 14.8621 16.2949 19.7330 29.5489 32.9115 41.8805 43.3745 42.1549 43.6066 35.1158 29.2947 30.3348 18.1857 17.4701 20.6168 17.1849 18.8100 28.0700 29.4401 34.6812 43.0026 41.2569 43.7137 45.0570 34.6971 32.0110 26.5910 16.2748 17.8578 17.2245 17.6380 26.9431 28.2579 29.1225 36.3099 42.1851 39.6961 44.4020 38.7069 35.8327 34.1250 25.8361 21.2947 13.2201 11.1140 19.7152 17.9370 24.2756 
29.7540 36.7461 34.6286 40.5504 39.2134 35.2695 33.2825 22.0470 22.3463 19.5624 21.2992 22.7115 34.0128 32.7474 33.3342 42.1226 36.1492 41.6544 30.8434 26.7906 20.8851 23.7475 20.4090 26.7196 22.4263 34.5220 40.7200 41.4645 37.2120 38.1099 38.7157 22.8614 21.2261 17.9143 16.2007 20.4512 22.1374 25.9890 35.9593 38.0723 46.6801 45.6258 30.5352 33.1574 20.3447 24.1330 17.4168 23.5009 23.6633 26.5852 30.5295 35.4169 43.1147 35.3654 41.1558 29.3852 24.1030 26.6137 23.4871 18.7953 
33.2499 37.0387 33.8307 35.8394 46.4239 41.5376 36.9618 31.5665 23.3927 23.5002 22.6525 14.0547 14.1816 18.4807 23.1592 39.3093 34.7405 36.4730 46.6633 34.9894 37.6656 28.5279 22.2917 22.7089 20.1469 23.1210 24.9717 24.6005 24.7445 34.7381 39.1458 41.5146 43.3606 42.5441 34.4009 31.4789 23.8239 24.9875 23.4311 24.2214 21.2743 25.3592 28.5526 35.8624 32.3876 40.6384 43.3183 40.4228 35.5989 37.4503 35.0737 22.5084 26.7123 16.3324 18.4152 18.5273 29.7730 33.9627 31.4135 43.2634 
34.8660 37.2033 37.6021 37.1155 38.9525 26.3406 26.2779 17.4786 22.8414 18.2825 24.3840 32.1421 39.3936 39.6524 44.6648 37.2981 27.3327 18.2058 12.9646 21.8875 26.0695 32.6881 38.7865 46.1023 39.0817 32.1304 34.5745 16.8289 17.7765 19.4344 23.4832 33.7653 38.9598 36.9246 36.9039 32.7045 27.7873 21.3409 23.3078 16.8780 26.3753 33.3570 35.6636 39.8499 46.9180 38.2275 37.7751 27.8586 18.6142 18.4058 21.5551 20.3103 27.1387 35.6624 42.5884 38.8837 40.4569 27.9889 26.3810 17.2159 
35.2035 37.3285 38.2443 42.1728 33.8241 31.9080 25.1495 14.6118 17.7035 21.8239 26.6091 31.1333 36.8255 43.5510 39.8234 35.5930 26.3809 21.0756 15.3222 20.0376 25.1575 33.7307 40.9874 37.0220 38.0681 42.7154 28.3405 20.6781 22.7555 20.4602 14.7227 29.8481 36.8477 37.4034 46.4199 41.7533 30.6525 25.6968 17.4739 21.7989 22.8206 19.4374 25.4278 32.0002 36.4538 36.3550 40.7067 28.2642 21.7133 24.8581 15.2540 21.7874 31.3290 35.5845 42.6682 38.3417 35.3498 28.7492 24.6032 15.9912 
29.0966 32.2456 42.8464 44.8088 42.0107 43.1734 37.9001 22.9514 14.2457 20.9101 19.2761 22.2626 29.7330 35.6708 40.6508 47.2890 45.6782 37.9898 43.4654 28.7345 20.5433 15.8385 11.3742 14.0309 24.2713 25.3649 32.1028 40.4668 44.6626 43.3681 39.8671 36.1131 25.4762 26.9889 18.1215 10.7740 18.2763 20.0719 26.9272 30.0059 39.7309 49.7645 46.3279 39.9572 28.1115 29.6589 24.6700 11.4743 12.2871 23.8411 22.1446 25.5382 39.7498 38.6521 42.7100 42.6780 37.9684 37.6345 26.9205 22.6955 
30.6026 32.5901 37.9136 48.5191 39.0556 31.6838 32.6279 26.1194 15.1641 13.6984 22.7437 30.8435 35.1712 44.1129 39.5097 43.3012 34.8629 32.2158 29.6659 20.8511 21.3297 15.5137 19.8034 30.7427 37.3769 44.3648 39.7350 36.3637 29.0326 24.9820 21.1251 14.2826 19.8996 25.4860 27.4441 33.3133 37.5749 44.3084 42.6221 41.4362 31.4037 19.3797 19.6594 15.1039 23.6236 27.8709 28.1088 44.7615 46.9930 40.8773 40.4693 30.6739 23.9784 13.7305 17.9631 21.5228 20.8976 28.3958 32.4870 44.5770 
28.9343 38.5836 35.7467 45.6941 37.8738 32.4200 34.5536 21.9070 22.9692 18.4397 17.7828 23.1734 26.8727 36.3405 38.3640 39.9035 36.3162 43.4516 31.2474 21.0024 17.6787 15.7715 18.1640 18.9568 21.0625 33.8114 43.2818 46.2368 39.8807 35.3188 30.2036 28.3298 27.3346 18.9719 12.5432 16.3812 21.6816 33.3940 35.4495 43.7670 39.1950 42.0410 37.6842 30.4695 21.2571 13.4003 21.5573 17.3195 18.5569 25.6788 37.2236 37.8406 48.0880 46.9510 35.0124 30.2583 23.4928 15.0930 14.8612 17.2173 
31.9525 34.6294 41.1201 40.0693 33.8886 31.6604 27.2420 23.4285 22.6107 23.6916 24.1668 27.7273 30.9359 36.6393 45.1425 42.1243 30.5826 22.8608 21.3639 18.5702 22.1494 26.1455 28.0886 37.7530 34.5612 41.6792 42.2417 38.2841 27.0361 20.0837 20.8001 13.5588 22.6072 28.1691 38.3313 40.9077 41.7310 34.9247 29.8962 27.9848 20.5090 23.8579 15.2224 27.9981 22.9443 38.9532 33.6126 41.5427 34.9631 40.0668 29.6134 24.3705 18.0091 22.6876 21.7537 27.0703 29.6967 32.9133 44.0655 38.1459 
31.0256 37.2065 38.9794 41.0960 42.3200 31.6997 35.1004 24.7022 20.8778 24.1232 22.4419 23.1952 25.1711 29.7732 39.6769 41.7512 35.9021 31.9066 33.7481 29.2289 15.2418 17.7303 19.7818 25.6413 23.3539 39.0119 33.3656 36.7700 39.7571 41.1175 31.1922 32.6844 21.4020 16.8938 22.0640 19.5271 31.4056 30.3655 36.9143 37.7382 43.3153 36.5180 36.6348 34.4306 26.1560 15.9816 19.2507 25.4982 21.9805 24.5307 34.2705 45.3072 36.9543 39.9395 35.6233 26.6766 19.4241 18.8798 12.3171 20.7148 
26.8177 36.2470 42.7600 43.3242 42.3945 42.0950 31.8504 29.5704 26.4291 13.9468 16.8736 18.6530 29.4633 33.2647 36.0939 38.5427 40.6096 35.3769 35.9200 31.2921 24.2228 15.8631 22.4020 21.5859 27.7929 34.6204 37.1484 43.1207 43.1140 44.6128 37.1051 28.9082 25.2880 17.4575 17.3587 13.4336 18.6193 30.7478 33.7329 33.6488 44.1534 45.2834 34.7636 33.5979 30.6460 22.2933 22.1472 12.6371 14.9493 26.6374 32.8969 29.2682 43.4099 43.5762 36.8844 42.1848 38.2532 25.0578 17.0962 20.0338 
24.1212 39.1380 44.7903 39.5900 38.8291 32.6002 30.2106 24.4395 21.6196 16.3847 24.8099 33.1998 34.2790 44.3566 35.4984 38.9918 38.8147 30.9747 28.0701 20.1696 20.1191 25.3803 30.2381 40.2618 40.0547 38.3541 40.9271 30.0574 27.2238 19.5551 16.4510 24.9023 20.7698 34.7747 30.2435 45.0205 42.9342 40.5618 33.8609 22.1165 22.9078 24.5628 24.5469 24.3386 25.8194 35.5894 43.1462 46.4495 36.1240 34.9131 23.9198 27.9153 13.8007 23.0402 21.9833 33.3965 35.1382 35.6664 39.1259 39.8947 
27.2381 33.0688 35.5037 47.9814 35.8772 34.3964 31.5676 29.2289 22.2233 13.3213 13.4067 19.5147 25.5158 32.8675 40.8028 47.3925 45.3858 41.6648 34.6966 22.8944 28.2007 18.3056 15.7062 15.8320 26.2270 35.2259 32.9920 36.7741 36.5804 37.9341 38.9267 24.9742 18.6681 15.9754 16.1688 24.0822 19.2296 31.8168 28.7690 34.6447 43.9554 40.8663 42.2959 37.2861 28.6749 24.6312 15.4931 13.3221 21.9283 23.4931 30.5680 38.5444 43.6723 41.7671 40.4899 36.5012 24.7778 25.9279 20.1620 18.7329 
29.6181 41.2386 44.6320 47.8926 44.6445 41.1246 41.4001 36.0841 26.7270 26.1316 19.5195 9.8080 12.8942 23.6048 24.9783 32.8095 39.2279 47.1987 41.6618 46.1304 37.9118 31.8729 33.1485 22.1589 15.6544 11.7219 12.6076 17.4400 19.3073 25.4926 27.1464 35.0360 36.4738 41.6348 44.2709 46.0801 41.4980 32.9224 19.7600 19.9674 17.1624 19.4836 15.8079 18.0776 24.5263 38.7108 39.6139 38.7708 50.0985 46.9157 40.9179 31.0978 25.2723 19.1213 14.8607 21.3939 19.3002 21.0580 27.5373 33.6752 
34.7518 37.8581 33.9115 39.0104 40.3342 35.3339 32.8157 29.2201 22.5748 15.4523 14.7442 23.8520 32.8415 37.8022 44.5937 43.9901 41.1524 33.9709 29.8271 30.4667 21.9371 20.3822 18.8880 19.9011 31.5657 36.6357 38.4958 44.0208 39.2993 40.6416 26.9174 29.9160 22.7786 22.6408 20.3626 25.0666 33.2931 39.6588 40.7250 39.3124 42.2019 38.9795 37.3862 28.8823 23.8480 23.9066 14.3380 23.1383 28.3407 28.2566 39.5542 45.1578 45.5955 31.2422 31.9130 20.5122 23.3023 18.7024 20.1770 25.4505 
30.4502 39.1266 41.8917 47.5008 45.2692 42.8967 40.4848 25.8616 23.3423 19.4595 18.4559 10.9720 24.2661 26.5284 28.8131 33.5516 47.2281 49.0463 49.5643 35.0389 33.1257 26.0026 15.7160 12.3118 10.7228 13.9319 18.7700 21.4354 32.2466 33.8913 46.7421 43.1544 38.9747 40.9440 38.4454 31.5541 23.8754 12.7490 16.5329 17.4854 24.0840 27.4615 31.5406 36.2441 43.4862 42.6993 40.3258 38.7832 35.6165 23.4585 24.2058 11.5550 20.3320 13.7037 22.3995 32.3923 36.6823 38.4867 43.5813 44.2187 
24.4293 39.7616 40.1207 45.9506 37.1700 36.6564 37.6492 23.9352 24.0386 21.3343 18.5594 21.3349 27.2994 32.0006 35.9327 33.9412 35.2246 40.9319 42.6484 29.4594 24.6605 28.0779 21.6850 16.7750 21.9714 22.6046 34.0883 37.9202 35.8967 37.6350 40.8210 35.4524 30.9297 35.3715 23.9494 22.3958 24.3919 19.1855 29.1486 29.4600 35.9995 36.0491 41.6027 34.3697 40.7295 33.8878 32.6883 26.3955 20.4315 24.9524 25.3634 28.5198 29.0868 34.1211 31.5094 43.5375 37.4759 42.3223 31.9421 32.8973 
27.0957 32.1208 41.3884 44.6437 43.0262 29.2457 22.4244 22.0992 15.2671 22.1804 28.0592 31.7798 34.6858 46.5108 45.1019 42.8580 28.6596 21.8780 20.2123 21.1080 18.5661 21.4538 30.0997 33.9909 42.3083 38.9634 42.0963 27.0734 29.5048 22.8434 21.9233 20.5295 29.4646 29.1772 36.4920 39.5518 43.8244 42.8789 33.5313 20.8253 20.7850 12.1337 25.3245 30.8716 35.5802 40.3850 40.7768 40.4770 41.8406 35.1573 23.4253 11.9278 10.8316 15.7002 23.2335 33.5085 45.5429 46.1017 36.5624 42.5511 
33.2800 31.7139 40.0542 38.4934 45.6483 36.8369 31.7404 25.3062 22.3216 21.4503 24.4459 19.8220 35.1442 42.0838 41.2696 41.1945 35.7095 33.0415 31.2120 21.2648 19.2317 16.0097 22.7469 25.6344 31.8187 45.5574 37.7153 37.4709 37.5934 30.0256 24.7731 20.4962 20.5249 22.9140 29.0740 27.1797 42.3352 47.7195 46.1196 38.5376 32.0601 24.9540 17.2334 14.9150 14.4022 23.7793 25.0981 28.3379 44.7335 41.8822 44.5929 37.0021 38.1604 25.0817 17.4369 13.7251 17.3254 23.7679 29.8211 30.1182 
32.3175 39.9719 40.6855 36.9174 36.5269 35.9285 36.4151 24.7463 30.8736 25.3094 17.4796 24.0689 25.6087 27.3060 28.4600 30.5855 41.4506 38.8306 38.5291 37.5073 37.9685 28.8007 28.5452 27.5674 22.6191 24.8834 27.5658 28.4074 33.6677 35.1708 34.0609 45.5823 44.3196 34.1341 31.4130 28.7343 30.7444 18.4220 23.2270 23.6823 20.8873 19.5205 31.5140 31.4149 40.7749 36.4495 37.3267 37.2455 30.3454 28.8087 21.1383 23.6666 16.7965 16.2003 16.8775 21.5906 28.4799 28.8281 41.7112 35.3453 
35.2861 30.1693 39.4484 42.5375 33.6134 34.1670 28.4885 32.2912 24.4984 23.9583 15.8835 22.9320 29.7026 33.5952 38.4932 31.8350 41.6960 38.4359 42.8051 38.5515 34.9461 31.1885 19.0131 18.4092 21.6016 27.2044 28.9701 26.2583 31.5583 39.9736 43.7824 40.9751 40.8480 38.1816 26.5036 28.0058 25.4816 24.6209 17.3510 22.0492 30.8285 34.5771 40.2469 43.7121 44.7351 34.5975 38.7742 31.9872 31.8327 21.4722 17.7290 16.6126 21.6958 23.6195 27.9105 35.7180 36.0142 34.7350 42.1424 32.0592 
26.8210 39.9874 45.6618 39.5939 33.4887 28.3824 25.4047 15.4160 22.8730 17.3458 30.5443 38.7773 42.9812 40.6694 33.1481 28.6585 29.8744 17.7239 24.4810 18.9026 25.8529 36.1941 41.0276 41.8697 35.4705 36.7043 30.6348 17.4391 15.4935 21.9196 20.4097 25.9102 37.3782 43.8211 44.4293 41.6217 24.3869 24.1532 13.3121 22.6591 28.3463 30.2719 33.9718 45.7586 39.2259 43.3521 27.4292 18.8340 24.6169 20.3389 16.1112 24.2131 30.3887 36.5793 40.2941 38.0366 38.7868 30.0894 15.9237 12.8022 
25.3437 34.2930 38.2116 39.9892 42.5053 32.7023 27.0690 22.3364 21.3176 17.8632 26.7314 30.2757 45.5687 38.7466 44.3744 39.7253 36.5967 25.9900 13.0739 16.0105 13.8256 27.7116 28.5977 36.9964 44.4230 43.2376 30.9560 23.6792 26.6523 21.7737 11.0502 21.5332 27.4375 42.5336 46.5312 49.4928 37.1504 30.8607 26.7150 23.3207 14.1386 21.5582 24.8324 27.0154 39.8051 45.7790 40.8189 35.4252 29.5666 22.6462 12.8988 20.0886 17.8615 25.0158 31.4907 40.9387 48.5442 42.9061 43.9021 35.1827 
24.3566 36.5163 38.6025 46.7903 46.0926 34.0541 33.2610 31.3628 26.8938 12.6914 12.1574 16.9906 23.2936 22.8489 35.8733 41.7359 47.8879 38.0542 44.5395 37.9045 28.2295 27.0008 15.9992 14.1633 16.5696 18.0427 25.5086 34.0165 41.3800 45.5368 45.7775 37.9929 40.2147 30.7053 21.7048 26.0713 15.6256 20.1134 16.9003 22.4561 34.1121 36.8474 36.8295 42.3590 41.7918 33.1681 28.0556 25.5528 16.2418 19.1346 17.0958 17.8939 17.4148 28.5712 39.1376 41.4326 37.4663 44.7348 35.8699 33.4728 
30.4656 31.7620 46.6635 38.9044 38.9709 38.1865 25.2559 20.7731 23.3157 14.3041 13.9611 18.8206 30.4076 35.1663 43.6501 41.1181 39.4811 34.5424 31.6275 22.0734 14.4190 14.5922 17.5726 23.4665 29.3214 40.8820 36.2945 47.1997 34.8418 40.5679 32.4865 22.3774 22.4962 14.3913 16.4699 23.9059 27.3175 43.7743 36.3488 38.8555 35.0621 34.5067 26.1874 16.7925 13.5021 15.3371 24.4679 24.7941 34.5562 43.2478 46.1784 37.3244 41.8288 37.7100 31.8965 17.0563 15.2779 15.4991 25.1892 27.4536 
27.7996 30.4050 44.5422 46.0903 44.0251 35.2849 26.0516 32.4237 19.8578 14.6441 16.1298 19.5872 32.6327 32.9863 31.6707 39.5351 45.1310 42.6888 35.4296 28.9766 21.1118 22.1948 25.2844 19.5537 22.7322 26.4435 36.3716 34.8338 44.5665 37.7999 36.9434 29.5745 23.1386 21.8949 23.2375 24.7425 26.9827 20.3099 29.5038 36.0068 37.7439 43.7525 34.4246 34.3078 28.0660 24.8774 21.8369 23.8019 24.9829 19.1767 21.2739 36.1164 33.4789 43.2495 35.0526 39.6157 30.7268 34.7923 22.4433 25.9781 
25.3080 39.1094 37.0313 40.5428 40.6583 36.2480 35.0834 26.7755 31.7161 24.3675 16.0791 16.4540 15.7093 25.9926 31.8971 34.2265 33.4233 35.8726 39.2410 40.1658 42.1519 34.9884 28.1219 21.7858 27.6219 21.0688 19.8814 26.0437 19.5669 22.7895 27.5850 33.2198 35.1378 40.7376 34.0421 33.8796 32.3544 31.7894 31.9164 24.2168 23.5630 22.0454 19.9470 23.8918 23.6170 26.2760 41.0386 43.3317 45.6733 43.1258 34.1438 37.0052 24.9664 20.9687 19.9340 20.4371 19.0980 20.5303 19.2530 28.5972 
24.7381 38.8324 45.2444 45.4828 39.3667 35.1001 25.6140 24.6833 25.0595 22.1634 27.7047 32.2716 38.9718 45.1165 42.8549 31.7307 33.6418 23.6200 19.7335 25.4688 18.6195 21.1685 32.4975 40.9839 36.3593 43.1952 39.1130 28.7579 29.2625 15.7588 14.6338 23.3680 33.9209 31.1430 38.8354 43.3231 39.2509 28.8652 33.3156 18.1286 21.6254 20.9901 20.4098 33.1032 35.6549 44.2123 44.1626 35.0995 33.7887 27.7123 26.2248 19.9014 24.2568 28.2048 28.3815 31.5464 40.6665 39.1870 32.1575 31.5037 
35.9258 34.3601 36.8129 41.6699 33.0051 32.8896 20.6579 14.7130 15.4679 19.4486 20.8808 36.1500 44.2620 45.4064 44.5532 29.7262 33.4035 19.4187 19.8111 18.7687 23.8189 35.1031 35.8554 39.7761 38.9337 32.6482 36.6745 23.9739 19.1861 18.8524 21.8593 23.0264 28.5491 44.0749 42.8595 45.1513 40.6436 34.3019 17.9363 22.1737 18.4738 26.0639 34.8423 30.3571 40.7255 35.3295 42.4148 26.8759 19.7363 16.5024 19.6711 23.6080 29.2072 35.9468 34.5492 43.5977 43.6723 40.8966 26.1019 21.0406 
32.7160 34.4624 39.9308 41.2031 36.7692 34.8305 26.4752 18.6752 16.8035 15.0381 13.8694 28.4405 38.3421 45.2852 45.0892 45.1278 45.0149 36.9788 28.1217 19.8534 12.8856 19.2890 24.9619 26.4264 30.4139 39.9704 45.2465 43.2270 39.4389 32.4509 24.4247 19.2532 19.4648 14.4983 27.1488 30.6762 33.0809 44.4197 44.9099 45.1750 35.9552 26.4771 17.2278 14.9977 14.7964 22.3719 31.3013 37.8703 44.5885 42.8280 38.9108 37.2420 25.7467 22.6635 24.2303 20.8374 17.1040 20.6524 24.1314 31.4880 
35.7896 32.3795 38.4360 40.1131 42.2311 33.7903 35.1347 27.8393 24.2927 20.9103 22.8484 19.9092 29.3135 29.5942 39.8753 38.9158 37.8845 40.6796 33.2358 31.4955 24.2423 21.7104 11.0473 18.2701 28.6112 36.0023 36.3948 47.3420 38.1091 46.0064 32.9642 24.6417 16.0315 13.5180 15.9996 17.7003 27.7257 31.6165 39.5780 37.8052 50.2515 43.3758 36.4053 33.8402 19.5715 16.4226 20.4881 18.8864 27.2939 24.8868 35.5865 47.8093 40.2979 37.7722 36.8111 36.2955 21.3112 21.6274 12.4358 10.9356 
29.8142 37.6585 40.5960 44.5742 44.9079 34.9695 29.2922 25.0674 11.7900 20.3221 24.7539 32.0059 31.3778 44.9408 50.1125 47.2495 40.5009 31.2325 19.8518 12.9848 20.6605 20.9502 24.0231 34.7075 41.3321 37.8270 40.9794 37.4774 39.3666 26.5946 25.0499 15.6122 13.1802 14.2604 29.8755 29.9838 35.5487 47.8542 43.5040 35.3484 28.2006 25.5456 15.8462 20.8775 19.4976 19.2140 34.6789 39.7521 48.8496 43.5751 44.5902 35.1446 22.9514 17.9540 16.4736 20.6933 22.6032 23.8020 38.2354 42.6176 
26.2753 32.9920 42.9596 44.7994 35.8042 38.0698 37.8979 22.6653 18.6551 19.9587 13.7404 16.7740 26.7887 30.7915 37.7107 38.2388 45.6750 35.5137 33.3507 35.6635 23.1249 23.9289 23.0953 14.1643 23.7111 23.8931 35.7854 44.1221 44.6031 37.6833 34.7215 31.1475 34.0017 27.4072 17.3013 19.2803 16.9973 26.4973 26.5086 36.8745 41.7641 36.2323 38.6220 33.6377 29.5500 22.1039 23.9627 14.9599 23.1248 19.4595 25.1915 26.9136 31.1622 45.0925 47.4567 39.6012 33.7500 26.4614 27.3192 25.5401 
33.4100 33.4254 42.5327 46.4694 41.7184 38.9634 23.2206 27.6880 13.4399 14.1763 22.1868 23.8021 32.4146 40.3452 44.1663 43.1989 37.4700 33.6843 22.3874 21.5170 19.3608 23.8710 24.4554 23.4600 37.9469 35.7747 37.2175 38.7794 36.7530 32.9727 21.8096 23.2041 23.2589 23.9389 24.5569 29.3372 41.2972 45.9104 43.5796 44.3204 34.8004 32.8034 24.1583 12.7402 20.3446 25.2639 29.9379 35.8350 37.2604 36.2004 45.3458 38.6145 25.8346 25.5507 14.7844 22.0990 17.9578 27.1539 32.0284 32.8216 
25.9852 30.3829 34.8524 34.5155 44.8727 38.9719 38.0508 23.9616 25.4375 23.8909 20.3892 19.5645 18.4486 22.5862 30.0838 42.2632 42.0686 41.4877 35.2049 33.4379 35.1696 23.9026 20.3071 16.8551 17.7336 22.0427 20.3093 31.8121 37.4139 35.0906 41.9880 41.3889 37.1855 36.3600 29.9237 21.8404 17.2346 20.7388 21.3777 21.6715 25.9828 27.2989 40.8161 34.4730 39.2071 42.1319 39.3151 30.5356 25.2671 26.7418 15.2704 18.4936 21.8752 26.1425 30.4536 36.6527 37.3470 38.5922 38.9042 36.7101 
30.4263 31.6327 46.6698 48.9582 40.0309 33.1004 36.0582 23.3431 18.2161 13.2019 17.1544 23.6640 30.1750 37.0568 45.0795 47.1703 40.0633 33.7069 31.2085 27.8554 18.8463 14.7332 20.9960 25.3971 28.9077 31.2821 38.6375 43.3876 39.8404 44.3824 35.9683 23.4232 23.3557 13.5064 11.9169 25.3355 30.6258 29.6697 37.7853 47.4906 48.6625 34.7035 34.7343 22.2885 20.2692 22.1443 11.3342 16.0277 25.7879 30.3920 37.3136 41.2004 48.7232 41.3750 33.6045 24.3277 21.3865 12.8611 13.4410 23.6507 
24.1847 34.7777 34.6964 47.8299 46.5885 46.6013 32.8805 31.1499 23.6288 26.0118 12.7073 17.3334 23.9686 24.4537 30.9613 36.8414 35.7650 43.2106 43.0446 43.6868 36.2016 41.0922 29.1629 21.0833 24.4921 16.6965 14.6607 23.3559 19.2725 30.5418 38.0932 40.0787 44.2849 40.4234 37.2995 41.6467 36.8056 22.9298 19.2132 22.0484 21.3324 22.2866 22.6476 22.2954 30.4205 31.3322 35.0983 46.2959 43.6555 35.5152 37.0053 32.0781 25.8186 21.2632 14.8307 11.5735 12.7388 21.7010 27.3388 36.7612 
33.9553 32.5771 37.6761 40.1896 37.6077 41.1157 34.7775 22.8503 20.0405 16.4381 23.3044 24.0288 26.0043 31.1739 39.5377 41.2757 40.6317 46.4331 42.7369 34.7820 30.7004 23.7045 24.4069 21.6598 23.2067 26.9517 34.7368 34.3904 38.1986 39.7788 43.6692 37.7029 32.0916 24.8689 29.3600 23.4851 19.2527 24.1359 21.4080 23.1186 29.9737 36.3816 44.3502 45.7122 36.2852 32.1303 30.6749 23.0560 19.0561 21.6195 15.7511 18.7108 25.5103 38.8963 37.3157 43.5271 46.0620 36.0117 31.4220 32.8345 
31.8398 39.7644 42.3454 48.4909 39.7943 46.0563 30.5996 30.3578 26.5168 22.0041 20.4492 15.8159 16.8223 26.1001 33.2104 38.4630 39.3005 43.2708 48.2773 45.9229 41.6690 35.8161 20.6378 21.2626 22.4211 11.2571 20.1158 21.9945 31.5214 29.4344 42.2830 44.1298 41.2562 41.1775 36.8477 31.3528 24.5302 24.6996 16.5617 19.5460 15.8928 21.2638 22.3717 26.7268 42.2840 41.4001 42.9510 42.0196 36.9653 30.8763 24.9357 18.6947 22.3683 12.2241 16.6380 20.9214 19.0474 28.1877 34.5126 43.6559 
29.7213 42.3627 36.3361 44.5727 34.6856 27.0650 26.0590 15.9149 22.3648 18.1570 24.3390 31.0608 34.7920 39.9518 43.4183 39.8327 34.7446 27.6050 19.3989 11.5428 19.5986 24.5474 32.6573 35.1199 37.6852 40.6482 41.2162 24.9769 24.8217 16.3684 19.8944 18.5372 32.0670 32.8928 47.7122 47.8011 34.7605 29.6624 26.2625 17.0298 13.2058 13.0350 28.2252 33.3776 35.0886 45.3628 44.5357 33.1756 32.4687 25.7023 17.3820 12.8802 21.2238 28.3215 35.0303 45.8045 47.9082 44.7344 35.7092 23.9391 
32.8441 35.4080 40.9221 46.2115 44.0382 41.4539 38.8912 37.8997 30.5840 26.3553 12.5930 17.6862 16.3178 22.9099 25.7019 33.0972 33.6184 36.3716 39.5662 49.1555 40.7177 32.5354 31.2305 22.8033 24.9243 18.1188 21.9585 24.4415 23.3900 26.2296 32.6278 44.4558 36.8819 43.5822 45.3246 40.7702 28.4996 29.6699 20.8751 21.0560 19.5544 18.2719 19.1290 29.6352 26.0842 39.3331 37.9659 38.9607 45.4164 39.0573 38.5936 32.9582 29.1983 26.0044 20.3114 21.0096 17.2589 17.3894 31.7591 28.5306 
27.1111 34.0624 38.6419 36.5439 42.0513 32.2969 31.0709 20.2290 15.3987 24.6020 19.1427 27.6713 42.0840 39.7743 36.7332 34.6315 29.3749 28.6400 15.9529 23.3278 25.1729 30.6085 26.2048 40.9001 41.4394 43.6026 39.4725 28.2489 23.4596 16.0973 18.8692 24.4830 21.8046 27.5689 33.1216 43.6293 35.5945 35.6738 29.2665 28.0540 18.2133 13.9936 28.1488 22.0607 38.7226 34.8596 40.0589 35.5494 33.4865 22.7518 18.6092 17.1169 21.5670 17.7808 25.5686 32.1095 44.4332 43.6132 42.6213 38.7247 
29.0875 32.8862 46.6395 39.3954 45.5096 40.0179 30.7446 23.2357 14.4476 22.6805 19.8003 23.7057 35.0993 43.2125 42.9126 45.1533 42.3772 30.0492 25.5925 19.6269 21.9391 20.6705 26.3571 37.0265 37.4641 45.6748 47.0213 39.5001 29.4190 23.6609 20.1667 17.3178 14.0001 22.6078 25.5213 33.0804 40.5433 48.4447 41.3228 34.9232 28.8677 19.2215 22.2638 12.4436 27.5786 27.6151 38.4579 44.6021 49.0474 38.6107 39.2059 27.9060 27.8161 22.8421 20.0701 22.1681 25.3195 34.2882 45.1036 42.5741 
26.3693 37.7914 41.8385 39.6942 36.7276 35.0793 30.6678 24.7547 20.6103 18.8854 15.4591 14.0738 19.1172 34.2304 32.2018 40.7150 39.5428 37.1928 39.4483 30.8291 25.2726 22.3244 19.8008 13.5048 17.4618 24.2869 27.3976 38.5768 42.1081 41.9465 43.9870 41.3308 28.9584 23.6640 20.3077 22.2438 12.1485 15.7679 18.9637 32.5792 33.2024 36.2051 42.3642 40.6006 35.4149 39.5762 33.1449 19.9359 23.0618 19.0527 24.3827 19.6106 25.2178 38.8595 36.5698 38.9636 36.9460 36.9000 32.5926 31.5626 
30.0852 34.4054 42.2759 44.7302 32.5587 29.5027 29.1632 22.4555 23.2076 26.9070 21.3557 33.8091 34.5538 37.2629 43.9860 35.6464 30.7109 22.4143 18.0548 18.6312 20.4955 34.1067 31.0022 36.3599 41.6821 31.2384 33.9636 21.7661 17.7568 14.3251 24.4680 29.5992 34.2757 39.1944 36.1980 38.9495 31.9839 29.8793 16.9011 20.9663 25.7188 23.5272 27.7608 36.3030 41.5397 43.2173 42.4951 30.0285 22.7020 17.3796 16.8510 24.0083 29.8584 35.0486 35.2665 42.5152 33.1512 29.7910 28.3935 21.5382 
32.4431 42.6474 35.9781 43.3994 36.1537 29.9644 20.5353 16.9501 17.6589 17.9669 28.3813 33.8381 44.4409 46.9492 39.0773 31.6024 27.5346 16.6075 21.8526 22.0540 24.5292 39.9323 40.7920 47.6013 40.3894 40.1628 32.5887 16.8144 22.6509 21.9149 18.8570 29.3536 44.5924 44.9225 45.0304 36.4588 25.3791 23.6700 13.4050 21.1524 17.4213 30.8274 31.8860 39.7042 39.2322 36.4444 31.4066 23.5269 18.1839 22.7098 24.4110 23.9707 31.4605 43.9825 38.7201 36.7134 29.2307 19.4191 16.3833 21.0229 
24.3918 36.9381 43.4671 48.3742 37.3181 34.6266 24.4798 25.3016 14.9215 12.8385 14.7964 21.3950 35.6423 37.3430 37.4850 38.1121 37.6857 27.7354 18.8890 18.1479 12.1962 20.6191 19.2287 35.0272 42.2747 47.5621 46.2217 43.4303 31.1956 22.8932 20.2434 13.4576 20.5581 20.0322 22.9262 38.0431 36.2683 38.1313 43.5310 33.4850 24.6310 26.6509 24.2126 13.8983 24.5684 26.3132 28.8983 32.8437 48.4558 43.9386 39.0099 27.9314 27.4809 21.0781 16.7338 23.2277 28.0820 23.5618 39.7664 38.8657 
35.3886 31.1781 40.0412 43.0335 49.5240 40.9418 42.3690 30.1531 26.2527 23.1775 19.8854 19.6929 21.8371 26.8580 23.5333 29.7983 43.4008 43.3492 48.2375 43.8680 44.0174 28.0555 25.2838 22.7374 13.7026 14.0234 22.1151 23.7195 25.4777 37.8699 37.8675 46.9544 43.1349 41.2859 37.2685 29.3465 24.3118 21.7426 19.1515 21.6677 10.8815 16.1470 30.0197 28.4724 38.7162 44.6195 47.8467 48.8456 39.3609 38.4488 33.1053 19.9349 14.9612 12.1486 12.6295 13.4592 18.9672 35.4734 30.1459 45.5273 
24.1766 39.0044 48.2963 48.2486 40.8786 32.8647 16.2863 15.6584 17.3529 22.4531 29.6056 39.6846 47.2440 38.4427 42.7575 35.3891 20.1312 19.2350 16.6598 21.3530 31.2285 32.6311 47.9165 47.5869 35.6330 29.2271 25.5368 16.9426 20.8414 21.1890 27.9991 33.2743 37.0979 46.9395 37.8911 31.1203 29.0386 18.0151 21.4667 26.2900 31.4764 36.3436 42.4115 39.2835 34.6662 27.7460 19.4891 17.4662 14.1610 18.2937 26.5135 34.0129 40.3288 38.4396 38.2219 26.4478 20.6890 17.7139 14.6178 14.3818 
27.6480 33.5861 42.7934 46.4275 41.1317 33.9477 29.1796 25.3117 19.6424 11.4724 21.7208 22.1861 27.5997 34.3349 37.9275 40.2055 42.1164 40.0931 24.3769 19.7755 12.5162 13.3379 20.6280 26.4421 36.3659 39.8148 42.8554 48.3719 36.8583 36.7131 27.5907 17.5332 16.3427 21.4677 13.7189 29.7273 31.8794 36.2559 43.9510 41.9473 39.0828 39.8352 29.7303 19.1593 19.2690 11.5792 18.7224 29.8883 29.9162 38.6006 44.2021 42.9841 39.9989 30.0995 27.5627 19.7863 13.4556 20.3962 24.2370 23.5146 
27.6615 37.1994 39.1576 44.2635 46.4725 40.1781 38.7275 24.4118 25.1548 15.9376 13.1251 16.8667 13.8752 29.9686 34.3223 40.8696 44.2248 47.5938 47.6068 44.7513 39.8125 32.4614 16.6461 16.3054 21.2563 20.6274 19.2670 31.9010 34.9954 43.6426 43.1521 47.1252 48.5237 33.1311 32.6974 20.2997 14.3496 18.3297 12.1545 11.2614 19.7005 29.3133 30.4574 39.9141 49.5431 49.8514 46.4451 39.5613 28.8598 22.4858 13.9671 10.0061 11.7150 15.9452 21.3477 25.4394 41.0241 37.1046 45.6228 43.5888 
26.2397 35.0625 48.1225 49.9508 35.5473 40.5235 24.2953 20.7257 19.7114 21.3931 25.4068 31.6184 37.4725 35.7729 38.9880 45.5345 37.1953 26.4065 18.7612 24.1489 11.3990 20.8685 25.1020 33.3568 36.6328 37.6404 41.7254 42.3735 34.1500 32.2145 22.9206 17.1164 13.9889 15.9621 21.1623 38.3149 35.8308 46.3728 47.7459 33.0552 34.9289 22.7822 13.3693 21.9965 16.9057 20.1066 32.4563 43.1964 42.6509 47.7389 41.3981 40.8245 25.2424 17.2580 14.7021 17.7653 17.2865 28.6266 31.6516 38.9610 
26.8911 43.6161 46.4914 41.6352 42.2098 34.4329 20.8029 13.0554 14.9234 15.4818 30.7871 38.1310 39.0141 41.8578 40.0218 35.1921 23.0421 22.3659 11.7988 18.6745 24.8879 34.3958 38.6106 45.1564 43.4375 38.2177 28.1738 24.7151 20.4831 17.3737 22.7272 36.1049 44.4373 42.9198 43.5772 42.3916 35.5608 27.7454 15.8291 21.8644 18.4122 29.6449 39.5166 44.5715 38.6288 40.5667 35.2902 22.6827 16.1952 19.2354 24.2570 22.5919 34.7132 44.7643 39.4429 40.6234 36.0594 24.6428 23.8761 16.2003 
25.7836 34.1285 42.6593 37.1762 35.9612 34.3068 32.1078 29.7494 25.0472 17.4549 24.6516 25.3114 22.9948 30.2558 25.9548 28.4260 34.5555 40.3858 39.6422 40.5662 32.6122 34.0911 26.0326 25.6679 26.5453 17.3382 24.9795 20.1339 27.5418 36.6117 31.8551 37.9467 39.7359 33.5354 36.6071 37.4791 32.6121 22.2615 20.6620 16.1235 24.5471 27.6863 21.7472 27.1976 31.2589 40.5694 37.0671 34.4648 34.7299 33.3714 23.0596 30.1622 22.0215 22.2164 14.8119 19.3567 24.5075 34.4315 32.1550 34.8388 
25.8699 39.1949 36.9079 47.0517 47.3839 40.7405 42.4937 30.2818 25.8342 17.6500 16.0044 17.8950 13.3209 19.0447 27.4401 31.9108 39.2084 43.6215 41.5669 44.8149 44.9214 35.4217 35.4772 23.1904 17.8589 14.6844 23.5036 23.1408 21.7455 30.8160 31.3605 37.0151 38.0939 46.6881 47.6813 43.7770 39.6516 31.7013 23.7666 22.2650 22.6536 22.3271 19.1945 21.1628 29.6024 27.5627 36.2438 38.8592 44.2335 42.3517 42.1601 40.1721 30.0935 21.0920 25.1925 13.0963 18.1111 14.7535 27.3859 27.0259 
30.8890 32.4894 37.0183 39.6446 45.9137 31.5081 21.6369 21.9437 16.3393 11.6047 23.1959 26.4595 42.8419 40.7642 45.4687 45.2996 37.1222 23.2974 21.2917 12.3005 12.0308 23.3942 28.8808 37.3818 37.3172 45.0726 35.7872 39.5548 28.4235 14.6857 18.1118 15.1853 26.3777 27.7950 35.0796 37.0053 37.8553 37.9298 36.4397 25.0217 16.1311 18.6636 18.4888 25.0112 23.5126 42.7319 42.5988 47.6508 36.1755 39.0345 25.0577 21.8179 10.8131 22.5345 21.1824 31.8022 31.9355 37.5677 46.9366 35.4290 
28.0747 41.7835 42.1198 38.7345 44.3196 34.3157 32.2124 31.8679 24.3011 14.5474 17.1777 22.2789 24.3573 31.0105 31.4443 34.8370 46.5501 48.3011 38.8587 42.3626 35.6567 31.4985 19.7938 12.1236 15.3712 12.4359 15.7626 24.6788 32.5973 43.0044 36.6163 38.9346 42.9540 34.9566 36.1832 28.1765 16.3258 14.9877 10.6797 22.7278 24.0753 24.0577 36.6162 43.9824 39.1977 40.1177 40.0776 34.7518 34.0178 23.7495 18.3743 12.2511 15.5389 18.6989 28.9726 24.0444 39.4043 38.0344 46.4582 44.4323 
33.6696 38.6754 39.7419 41.9887 37.2908 43.9746 31.9092 25.8783 31.0801 15.8582 13.9495 23.0965 19.9830 21.6921 31.5791 38.5696 33.3758 38.8434 41.9360 33.5336 39.1946 32.8967 25.3429 18.5227 15.0894 17.7710 22.6142 25.3127 23.6868 29.0099 41.9950 35.7116 40.8716 41.6692 32.1562 25.1622 24.9799 23.7053 18.4134 20.9754 14.9059 26.1710 30.1646 27.8182 35.0828 39.5136 37.8505 33.9673 32.3375 34.9768 26.5887 28.0785 19.5970 24.6693 23.0980 25.6850 28.2153 34.9395 36.9095 39.7494 
30.5729 41.0741 44.9793 44.9217 43.2718 39.7130 33.0965 31.0122 26.0301 22.1912 16.8196 21.0894 29.1007 27.7625 41.4299 42.2451 35.9468 44.8676 35.8214 24.7753 29.2435 20.6863 12.3807 25.8850 18.8727 26.3807 39.6961 40.6656 40.6931 35.2486 31.4581 28.8210 24.0146 19.6080 13.0171 13.5915 26.8407 26.2650 26.9310 41.8942 38.7230 42.7303 39.0364 30.8168 24.1798 25.6181 14.1642 16.6744 14.1068 24.7889 29.0875 31.4823 36.3266 46.8327 46.5440 38.8168 32.5324 24.3530 19.7201 12.7513 
33.0156 28.9296 27.6873 27.0193 26.4809 28.7603 34.7992 35.7198 25.4546 32.2195 25.0906 33.3446 35.0717 31.2640 30.6867 25.8758 25.1237 26.9587 34.2983 29.2527 25.4964 27.4442 24.9522 30.0312 29.1018 33.8026 29.8674 29.6383 29.0772 32.2430 31.1017 25.1982 29.6864 29.0882 30.5637 26.5709 32.8008 34.4138 35.3899 42.5437 39.6915 32.3669 36.2914 41.1027 35.4516 36.9561 40.0745 33.7183 32.2928 42.2995 36.0009 35.4758 42.3564 38.3207 41.4248 38.9508 32.2219 33.6563 34.5816 42.8606 
24.1260 25.8214 34.2616 27.0655 28.7518 34.1312 32.1938 33.3318 32.4438 31.9415 35.7253 33.1911 33.5837 26.3913 34.6303 29.7598 27.2936 24.7179 35.4051 33.2359 32.2937 33.3994 29.2450 32.1328 34.3049 30.9059 27.1610 27.8066 28.3729 28.7478 34.7702 33.3759 35.6420 28.6666 25.7939 28.3872 24.2681 26.7633 19.1327 26.7448 22.8413 20.5208 19.4849 22.3731 20.8249 26.8645 26.5781 22.2064 20.5267 23.0348 25.4706 23.2955 23.6998 19.0329 18.5970 23.3014 16.4539 16.9816 15.9533 21.3618 
24.6911 28.3233 25.7502 32.8885 30.2971 32.6418 27.1544 29.0533 30.6346 35.0750 27.4970 35.3923 30.9974 31.8982 31.5666 26.6172 25.7061 26.0770 30.5652 34.8389 27.6223 30.4785 30.0819 25.0337 34.1371 33.0296 35.7892 29.7110 33.7937 32.5015 31.8262 28.7481 31.3598 30.9772 28.9637 29.0173 27.0472 21.9028 15.3722 24.7139 26.3777 25.7575 16.9648 25.8012 25.9411 17.4841 25.7153 25.7832 25.2515 16.5454 17.1800 26.2452 24.2097 15.2760 20.1861 25.4814 20.2782 26.2085 24.5020 26.2514 
